


   1.000   0.227   0.074   0.038   0.023   0.140   0.071   0.039   0.030   0.044   0.032   0.018   0.032   0.025   0.028   0.000   0.019   0.056   0.048   0.031   0.085   0.053   0.057   0.030   0.103   0.077   0.078   0.048   0.025   0.159   0.130   0.021   0.011   0.012   0.014   0.017   0.011   0.010   0.000   0.013   0.011   0.006   0.018   0.021   0.018   0.017   0.013   0.014   0.016   0.020   0.017   0.016   0.021   0.018   0.017   0.013   0.008   0.016   0.028   0.023   0.018   0.004   0.011   0.016   0.015   0.017   0.022   0.012   0.024   0.016   0.017   0.178   0.088   0.030   0.017   0.006   0.063   0.045   0.021   0.000   0.040   0.013   0.009   0.040   0.027   0.017   0.050   0.024   0.072   0.075   0.051   0.076   0.068   0.045   0.020   0.080   0.084   0.055   0.036   0.015   0.080   0.061   0.018   0.009   0.006   0.007   0.017   0.013   0.024   0.018   0.019   0.015   0.014   0.012   0.011   0.020   0.007   0.013   0.014   0.017   0.009   0.019   0.015   0.014   0.013   0.005   0.011   0.008   0.018   0.015   0.009   0.011   0.010   0.013   0.015   0.024   0.009   0.009   0.019   0.008   0.018   0.008   0.134   0.015   0.039   0.091   0.146   0.019   0.013
   0.227   1.000   0.151   0.089   0.028   0.129   0.143   0.073   0.037   0.048   0.034   0.013   0.035   0.035   0.025   0.000   0.014   0.056   0.042   0.034   0.069   0.063   0.088   0.066   0.064   0.094   0.147   0.124   0.059   0.154   0.227   0.015   0.006   0.007   0.010   0.019   0.011   0.016   0.000   0.023   0.013   0.006   0.014   0.018   0.014   0.013   0.011   0.008   0.013   0.016   0.014   0.025   0.026   0.018   0.012   0.008   0.011   0.012   0.022   0.011   0.015   0.018   0.007   0.014   0.016   0.011   0.020   0.009   0.018   0.009   0.014   0.076   0.048   0.025   0.019   0.010   0.041   0.027   0.024   0.000   0.033   0.012   0.013   0.035   0.019   0.019   0.035   0.020   0.076   0.056   0.037   0.052   0.043   0.027   0.020   0.057   0.042   0.041   0.029   0.014   0.053   0.036   0.011   0.006   0.004   0.007   0.012   0.010   0.020   0.012   0.014   0.009   0.009   0.015   0.013   0.013   0.010   0.007   0.012   0.017   0.011   0.023   0.012   0.009   0.016   0.009   0.011   0.025   0.017   0.008   0.009   0.007   0.013   0.015   0.014   0.015   0.007   0.006   0.013   0.018   0.020   0.005   0.101   0.019   0.037   0.068   0.100   0.013   0.012
   0.074   0.151   1.000   0.261   0.106   0.090   0.209   0.149   0.081   0.058   0.061   0.016   0.025   0.045   0.019   0.000   0.018   0.036   0.038   0.042   0.036   0.086   0.086   0.128   0.027   0.066   0.159   0.258   0.159   0.059   0.142   0.013   0.017   0.009   0.010   0.011   0.019   0.012   0.000   0.017   0.018   0.018   0.017   0.058   0.018   0.030   0.025   0.023   0.030   0.056   0.025   0.054   0.077   0.057   0.030   0.019   0.009   0.011   0.021   0.017   0.020   0.018   0.022   0.015   0.013   0.021   0.017   0.024   0.019   0.012   0.015   0.027   0.021   0.014   0.011   0.009   0.021   0.007   0.006   0.000   0.013   0.012   0.019   0.018   0.017   0.023   0.019   0.015   0.043   0.035   0.022   0.024   0.019   0.020   0.011   0.023   0.031   0.010   0.020   0.011   0.024   0.020   0.010   0.015   0.007   0.009   0.019   0.010   0.009   0.011   0.005   0.010   0.015   0.008   0.014   0.015   0.014   0.017   0.011   0.015   0.008   0.015   0.010   0.010   0.013   0.017   0.016   0.019   0.030   0.018   0.010   0.014   0.019   0.016   0.026   0.029   0.011   0.023   0.008   0.014   0.033   0.010   0.049   0.022   0.025   0.036   0.035   0.015   0.014
   0.038   0.089   0.261   1.000   0.230   0.061   0.209   0.271   0.135   0.055   0.069   0.016   0.032   0.032   0.017   0.000   0.006   0.024   0.021   0.020   0.020   0.038   0.042   0.092   0.018   0.033   0.097   0.191   0.278   0.031   0.076   0.012   0.016   0.015   0.016   0.010   0.032   0.017   0.000   0.021   0.014   0.019   0.019   0.056   0.016   0.024   0.017   0.024   0.035   0.075   0.017   0.043   0.140   0.089   0.046   0.025   0.015   0.010   0.012   0.018   0.036   0.026   0.012   0.012   0.007   0.010   0.018   0.019   0.014   0.018   0.014   0.025   0.022   0.016   0.010   0.005   0.010   0.014   0.006   0.000   0.013   0.010   0.019   0.017   0.016   0.022   0.019   0.011   0.035   0.013   0.018   0.019   0.018   0.014   0.013   0.015   0.015   0.013   0.019   0.013   0.014   0.013   0.010   0.010   0.009   0.016   0.007   0.008   0.006   0.017   0.011   0.013   0.008   0.014   0.016   0.015   0.014   0.016   0.014   0.013   0.006   0.019   0.012   0.010   0.008   0.006   0.012   0.017   0.015   0.014   0.006   0.007   0.011   0.019   0.015   0.022   0.004   0.015   0.008   0.011   0.023   0.011   0.033   0.015   0.016   0.015   0.027   0.019   0.008
   0.023   0.028   0.106   0.230   1.000   0.051   0.074   0.176   0.238   0.070   0.097   0.035   0.044   0.039   0.022   0.000   0.015   0.018   0.022   0.020   0.022   0.038   0.036   0.064   0.023   0.030   0.051   0.085   0.197   0.027   0.041   0.014   0.025   0.014   0.024   0.021   0.032   0.027   0.000   0.016   0.009   0.027   0.037   0.087   0.021   0.033   0.020   0.033   0.064   0.146   0.014   0.033   0.131   0.232   0.087   0.044   0.014   0.012   0.017   0.026   0.070   0.030   0.011   0.008   0.013   0.020   0.023   0.018   0.010   0.015   0.020   0.023   0.013   0.015   0.021   0.004   0.017   0.013   0.013   0.000   0.026   0.015   0.021   0.024   0.032   0.013   0.014   0.011   0.025   0.014   0.009   0.016   0.007   0.004   0.012   0.009   0.011   0.007   0.014   0.017   0.010   0.006   0.010   0.006   0.006   0.007   0.017   0.008   0.004   0.012   0.018   0.024   0.010   0.011   0.035   0.010   0.021   0.016   0.015   0.014   0.013   0.012   0.015   0.019   0.018   0.005   0.007   0.020   0.018   0.024   0.013   0.016   0.014   0.015   0.018   0.027   0.015   0.013   0.012   0.014   0.019   0.011   0.032   0.021   0.016   0.019   0.018   0.018   0.012
   0.140   0.129   0.090   0.061   0.051   1.000   0.137   0.098   0.066   0.100   0.087   0.040   0.114   0.080   0.047   0.000   0.020   0.036   0.030   0.023   0.040   0.025   0.029   0.021   0.037   0.036   0.041   0.033   0.025   0.061   0.057   0.014   0.024   0.020   0.015   0.018   0.007   0.009   0.000   0.018   0.015   0.024   0.027   0.038   0.019   0.024   0.020   0.030   0.031   0.037   0.010   0.015   0.018   0.020   0.022   0.021   0.023   0.005   0.022   0.025   0.025   0.014   0.019   0.028   0.021   0.012   0.016   0.020   0.030   0.016   0.016   0.090   0.050   0.031   0.017   0.009   0.095   0.041   0.023   0.000   0.056   0.023   0.020   0.089   0.042   0.041   0.031   0.013   0.037   0.033   0.024   0.042   0.034   0.018   0.020   0.036   0.039   0.020   0.020   0.015   0.032   0.033   0.015   0.008   0.008   0.010   0.011   0.008   0.012   0.016   0.013   0.006   0.029   0.015   0.032   0.015   0.012   0.014   0.013   0.013   0.023   0.016   0.017   0.010   0.011   0.009   0.015   0.029   0.025   0.015   0.015   0.014   0.008   0.014   0.018   0.021   0.011   0.017   0.017   0.015   0.018   0.013   0.240   0.039   0.035   0.041   0.065   0.021   0.016
   0.071   0.143   0.209   0.209   0.074   0.137   1.000   0.169   0.078   0.097   0.064   0.027   0.075   0.052   0.032   0.000   0.008   0.029   0.028   0.028   0.041   0.049   0.047   0.054   0.026   0.056   0.088   0.123   0.115   0.051   0.087   0.011   0.012   0.017   0.014   0.015   0.018   0.011   0.000   0.017   0.007   0.015   0.012   0.036   0.010   0.020   0.019   0.007   0.027   0.043   0.008   0.021   0.054   0.039   0.027   0.014   0.008   0.007   0.011   0.016   0.025   0.019   0.010   0.009   0.009   0.017   0.012   0.015   0.019   0.016   0.021   0.044   0.021   0.016   0.012   0.003   0.019   0.018   0.006   0.000   0.019   0.014   0.019   0.029   0.023   0.024   0.030   0.019   0.037   0.023   0.022   0.028   0.010   0.016   0.013   0.022   0.019   0.011   0.015   0.018   0.024   0.022   0.008   0.007   0.006   0.009   0.011   0.008   0.015   0.015   0.013   0.012   0.009   0.007   0.010   0.008   0.012   0.008   0.013   0.010   0.010   0.028   0.017   0.006   0.010   0.009   0.011   0.019   0.017   0.013   0.006   0.016   0.007   0.015   0.019   0.021   0.005   0.010   0.013   0.015   0.026   0.007   0.082   0.022   0.030   0.033   0.031   0.012   0.007
   0.039   0.073   0.149   0.271   0.176   0.098   0.169   1.000   0.190   0.101   0.121   0.032   0.047   0.050   0.033   0.000   0.014   0.025   0.018   0.013   0.016   0.026   0.037   0.050   0.016   0.017   0.043   0.079   0.132   0.032   0.043   0.017   0.021   0.012   0.023   0.010   0.028   0.018   0.000   0.014   0.014   0.039   0.032   0.085   0.013   0.036   0.024   0.032   0.056   0.091   0.012   0.036   0.080   0.094   0.051   0.030   0.017   0.012   0.014   0.028   0.053   0.024   0.019   0.014   0.009   0.010   0.021   0.016   0.013   0.013   0.015   0.024   0.015   0.015   0.006   0.004   0.021   0.010   0.010   0.000   0.017   0.014   0.020   0.025   0.022   0.012   0.021   0.015   0.041   0.021   0.022   0.018   0.017   0.009   0.015   0.016   0.012   0.011   0.007   0.015   0.022   0.018   0.013   0.011   0.004   0.009   0.016   0.010   0.008   0.004   0.008   0.008   0.015   0.009   0.012   0.011   0.007   0.013   0.007   0.007   0.005   0.015   0.015   0.007   0.014   0.009   0.006   0.020   0.015   0.010   0.007   0.009   0.005   0.013   0.010   0.023   0.011   0.009   0.010   0.013   0.027   0.009   0.048   0.031   0.021   0.021   0.029   0.017   0.014
   0.030   0.037   0.081   0.135   0.238   0.066   0.078   0.190   1.000   0.096   0.185   0.053   0.077   0.073   0.049   0.000   0.016   0.014   0.024   0.015   0.015   0.038   0.024   0.027   0.013   0.023   0.028   0.057   0.078   0.022   0.029   0.020   0.032   0.019   0.025   0.020   0.023   0.033   0.000   0.022   0.018   0.054   0.084   0.146   0.024   0.051   0.023   0.053   0.116   0.202   0.007   0.037   0.063   0.158   0.099   0.055   0.012   0.021   0.025   0.028   0.049   0.028   0.017   0.012   0.011   0.010   0.016   0.016   0.017   0.014   0.014   0.027   0.023   0.023   0.021   0.004   0.034   0.027   0.015   0.000   0.018   0.019   0.032   0.046   0.038   0.023   0.020   0.015   0.024   0.021   0.014   0.020   0.019   0.014   0.018   0.009   0.017   0.019   0.014   0.007   0.017   0.012   0.016   0.019   0.016   0.011   0.014   0.007   0.009   0.010   0.010   0.017   0.019   0.016   0.032   0.023   0.014   0.022   0.011   0.010   0.015   0.010   0.008   0.020   0.015   0.012   0.013   0.027   0.017   0.007   0.005   0.019   0.010   0.014   0.025   0.020   0.011   0.026   0.011   0.018   0.019   0.012   0.053   0.034   0.018   0.023   0.023   0.024   0.022
   0.044   0.048   0.058   0.055   0.070   0.100   0.097   0.101   0.096   1.000   0.145   0.066   0.120   0.117   0.071   0.000   0.020   0.028   0.016   0.016   0.028   0.018   0.021   0.022   0.013   0.017   0.037   0.024   0.038   0.017   0.023   0.017   0.017   0.023   0.013   0.034   0.021   0.013   0.000   0.017   0.019   0.054   0.068   0.117   0.022   0.049   0.024   0.049   0.046   0.069   0.018   0.013   0.026   0.049   0.055   0.032   0.013   0.010   0.016   0.014   0.027   0.021   0.028   0.023   0.011   0.008   0.015   0.015   0.017   0.018   0.025   0.036   0.029   0.025   0.025   0.019   0.069   0.033   0.021   0.000   0.051   0.029   0.036   0.071   0.041   0.040   0.043   0.024   0.056   0.029   0.025   0.034   0.023   0.020   0.016   0.016   0.018   0.017   0.023   0.017   0.023   0.021   0.021   0.029   0.035   0.026   0.026   0.017   0.025   0.006   0.013   0.021   0.025   0.021   0.028   0.036   0.035   0.030   0.025   0.024   0.023   0.016   0.007   0.010   0.011   0.020   0.027   0.021   0.017   0.023   0.008   0.010   0.016   0.012   0.019   0.020   0.017   0.022   0.010   0.007   0.021   0.010   0.096   0.065   0.039   0.026   0.025   0.030   0.021
   0.032   0.034   0.061   0.069   0.097   0.087   0.064   0.121   0.185   0.145   1.000   0.137   0.116   0.147   0.086   0.000   0.010   0.015   0.032   0.017   0.019   0.029   0.033   0.019   0.014   0.030   0.037   0.031   0.054   0.016   0.032   0.039   0.049   0.032   0.017   0.016   0.021   0.010   0.000   0.021   0.019   0.093   0.117   0.227   0.058   0.079   0.053   0.082   0.129   0.175   0.012   0.017   0.035   0.078   0.095   0.060   0.008   0.010   0.012   0.024   0.040   0.021   0.015   0.020   0.017   0.017   0.021   0.012   0.016   0.021   0.031   0.017   0.018   0.020   0.016   0.014   0.050   0.041   0.029   0.000   0.042   0.040   0.050   0.059   0.074   0.054   0.014   0.024   0.033   0.020   0.019   0.016   0.020   0.012   0.016   0.010   0.015   0.009   0.011   0.013   0.014   0.014   0.033   0.027   0.026   0.023   0.023   0.009   0.014   0.013   0.015   0.022   0.029   0.026   0.049   0.030   0.022   0.035   0.024   0.024   0.030   0.029   0.009   0.016   0.021   0.019   0.028   0.035   0.023   0.013   0.009   0.010   0.008   0.014   0.026   0.007   0.009   0.015   0.008   0.009   0.013   0.011   0.075   0.076   0.012   0.019   0.023   0.036   0.022
   0.018   0.013   0.016   0.016   0.035   0.040   0.027   0.032   0.053   0.066   0.137   1.000   0.078   0.149   0.134   0.000   0.020   0.009   0.012   0.018   0.020   0.023   0.017   0.010   0.021   0.028   0.019   0.018   0.019   0.010   0.012   0.050   0.076   0.031   0.032   0.017   0.013   0.012   0.000   0.013   0.016   0.153   0.139   0.147   0.078   0.124   0.085   0.133   0.130   0.094   0.004   0.018   0.016   0.038   0.064   0.074   0.014   0.018   0.010   0.006   0.027   0.018   0.019   0.017   0.023   0.032   0.030   0.012   0.010   0.019   0.023   0.020   0.018   0.013   0.022   0.014   0.037   0.023   0.041   0.000   0.048   0.054   0.071   0.049   0.079   0.096   0.007   0.015   0.018   0.016   0.010   0.014   0.021   0.017   0.009   0.020   0.016   0.016   0.018   0.014   0.016   0.011   0.030   0.052   0.037   0.043   0.021   0.038   0.021   0.016   0.013   0.022   0.072   0.047   0.045   0.071   0.060   0.059   0.045   0.029   0.034   0.025   0.011   0.013   0.017   0.025   0.036   0.022   0.020   0.023   0.007   0.012   0.024   0.025   0.017   0.007   0.011   0.022   0.009   0.011   0.021   0.022   0.045   0.093   0.005   0.021   0.023   0.022   0.022
   0.032   0.035   0.025   0.032   0.044   0.114   0.075   0.047   0.077   0.120   0.116   0.078   1.000   0.191   0.092   0.000   0.009   0.017   0.015   0.008   0.015   0.021   0.025   0.014   0.010   0.015   0.026   0.019   0.026   0.015   0.025   0.017   0.014   0.014   0.014   0.019   0.021   0.016   0.000   0.009   0.008   0.067   0.060   0.068   0.027   0.034   0.026   0.032   0.045   0.050   0.013   0.020   0.015   0.050   0.030   0.015   0.018   0.007   0.015   0.017   0.011   0.014   0.018   0.013   0.009   0.010   0.020   0.013   0.012   0.015   0.031   0.047   0.033   0.025   0.019   0.012   0.089   0.047   0.051   0.000   0.087   0.056   0.053   0.141   0.105   0.072   0.018   0.021   0.027   0.028   0.024   0.021   0.032   0.023   0.016   0.017   0.017   0.023   0.019   0.010   0.024   0.029   0.015   0.019   0.013   0.014   0.018   0.013   0.019   0.014   0.019   0.020   0.046   0.028   0.046   0.041   0.036   0.032   0.021   0.030   0.032   0.031   0.013   0.010   0.015   0.021   0.023   0.013   0.012   0.015   0.015   0.007   0.013   0.009   0.013   0.011   0.014   0.020   0.014   0.012   0.025   0.015   0.129   0.112   0.017   0.020   0.019   0.012   0.013
   0.025   0.035   0.045   0.032   0.039   0.080   0.052   0.050   0.073   0.117   0.147   0.149   0.191   1.000   0.140   0.000   0.019   0.007   0.018   0.009   0.008   0.028   0.023   0.017   0.009   0.028   0.032   0.022   0.026   0.015   0.027   0.026   0.032   0.016   0.017   0.017   0.018   0.016   0.000   0.013   0.017   0.092   0.100   0.133   0.054   0.069   0.039   0.060   0.088   0.091   0.016   0.010   0.016   0.039   0.060   0.030   0.013   0.014   0.011   0.012   0.017   0.020   0.024   0.014   0.003   0.010   0.021   0.016   0.010   0.007   0.027   0.029   0.023   0.016   0.017   0.019   0.070   0.036   0.032   0.000   0.070   0.051   0.059   0.127   0.083   0.090   0.018   0.017   0.031   0.023   0.014   0.018   0.027   0.015   0.013   0.014   0.024   0.018   0.014   0.013   0.019   0.018   0.020   0.030   0.020   0.035   0.021   0.017   0.010   0.009   0.014   0.013   0.053   0.040   0.047   0.044   0.038   0.031   0.033   0.032   0.040   0.015   0.010   0.014   0.021   0.029   0.032   0.016   0.020   0.016   0.015   0.015   0.024   0.020   0.025   0.010   0.011   0.014   0.011   0.010   0.010   0.013   0.097   0.128   0.020   0.014   0.020   0.012   0.015
   0.028   0.025   0.019   0.017   0.022   0.047   0.032   0.033   0.049   0.071   0.086   0.134   0.092   0.140   1.000   0.000   0.016   0.014   0.019   0.014   0.023   0.026   0.016   0.018   0.016   0.032   0.015   0.013   0.022   0.026   0.017   0.050   0.054   0.018   0.030   0.012   0.012   0.014   0.000   0.014   0.008   0.202   0.131   0.091   0.119   0.124   0.077   0.105   0.099   0.066   0.009   0.015   0.018   0.044   0.060   0.068   0.011   0.008   0.007   0.008   0.010   0.028   0.024   0.014   0.018   0.014   0.015   0.016   0.014   0.013   0.017   0.031   0.029   0.016   0.019   0.025   0.043   0.031   0.045   0.000   0.062   0.053   0.104   0.092   0.102   0.156   0.020   0.011   0.024   0.019   0.011   0.019   0.017   0.017   0.015   0.023   0.018   0.009   0.013   0.017   0.020   0.016   0.045   0.057   0.037   0.046   0.018   0.024   0.015   0.018   0.013   0.013   0.088   0.056   0.060   0.090   0.080   0.071   0.064   0.050   0.050   0.012   0.014   0.009   0.021   0.043   0.053   0.011   0.016   0.012   0.009   0.010   0.035   0.013   0.017   0.013   0.012   0.010   0.015   0.012   0.023   0.019   0.056   0.124   0.020   0.024   0.032   0.041   0.011
   0.000   0.000   0.000   0.000   0.000   0.000   0.000   0.000   0.000   0.000   0.000   0.000   0.000   0.000   0.000   0.000   0.000   0.000   0.000   0.000   0.000   0.000   0.000   0.000   0.000   0.000   0.000   0.000   0.000   0.000   0.000   0.000   0.000   0.000   0.000   0.000   0.000   0.000   0.000   0.000   0.000   0.000   0.000   0.000   0.000   0.000   0.000   0.000   0.000   0.000   0.000   0.000   0.000   0.000   0.000   0.000   0.000   0.000   0.000   0.000   0.000   0.000   0.000   0.000   0.000   0.000   0.000   0.000   0.000   0.000   0.000   0.000   0.000   0.000   0.000   0.000   0.000   0.000   0.000   0.000   0.000   0.000   0.000   0.000   0.000   0.000   0.000   0.000   0.000   0.000   0.000   0.000   0.000   0.000   0.000   0.000   0.000   0.000   0.000   0.000   0.000   0.000   0.000   0.000   0.000   0.000   0.000   0.000   0.000   0.000   0.000   0.000   0.000   0.000   0.000   0.000   0.000   0.000   0.000   0.000   0.000   0.000   0.000   0.000   0.000   0.000   0.000   0.000   0.000   0.000   0.000   0.000   0.000   0.000   0.000   0.000   0.000   0.000   0.000   0.000   0.000   0.000   0.000   0.000   0.000   0.000   0.000   0.000   0.000
   0.019   0.014   0.018   0.006   0.015   0.020   0.008   0.014   0.016   0.020   0.010   0.020   0.009   0.019   0.016   0.000   1.000   0.053   0.128   0.129   0.033   0.053   0.048   0.022   0.027   0.035   0.036   0.015   0.011   0.018   0.027   0.026   0.021   0.018   0.019   0.022   0.011   0.016   0.000   0.020   0.012   0.020   0.012   0.014   0.017   0.019   0.028   0.016   0.012   0.017   0.095   0.019   0.018   0.021   0.015   0.031   0.198   0.052   0.024   0.026   0.018   0.014   0.054   0.036   0.029   0.022   0.009   0.039   0.022   0.028   0.015   0.022   0.017   0.022   0.011   0.007   0.012   0.013   0.013   0.000   0.008   0.015   0.023   0.007   0.017   0.015   0.027   0.029   0.026   0.024   0.016   0.019   0.017   0.007   0.008   0.013   0.022   0.018   0.017   0.018   0.021   0.013   0.018   0.009   0.013   0.006   0.014   0.016   0.012   0.015   0.020   0.015   0.021   0.021   0.018   0.020   0.020   0.016   0.006   0.017   0.012   0.009   0.009   0.013   0.010   0.010   0.011   0.019   0.012   0.024   0.024   0.020   0.025   0.013   0.022   0.010   0.023   0.027   0.008   0.023   0.014   0.014   0.014   0.026   0.046   0.031   0.027   0.020   0.020
   0.056   0.056   0.036   0.024   0.018   0.036   0.029   0.025   0.014   0.028   0.015   0.009   0.017   0.007   0.014   0.000   0.053   1.000   0.226   0.082   0.277   0.146   0.087   0.053   0.175   0.151   0.091   0.040   0.034   0.121   0.079   0.033   0.030   0.029   0.035   0.023   0.025   0.027   0.000   0.030   0.022   0.009   0.012   0.011   0.010   0.016   0.021   0.010   0.009   0.017   0.040   0.019   0.019   0.020   0.021   0.014   0.022   0.016   0.012   0.024   0.014   0.017   0.018   0.017   0.016   0.023   0.019   0.017   0.013   0.028   0.013   0.051   0.034   0.026   0.021   0.013   0.022   0.020   0.017   0.000   0.011   0.013   0.015   0.009   0.014   0.006   0.137   0.050   0.240   0.100   0.065   0.142   0.102   0.047   0.039   0.139   0.089   0.051   0.034   0.026   0.099   0.062   0.035   0.017   0.019   0.012   0.023   0.024   0.018   0.014   0.010   0.013   0.007   0.014   0.020   0.027   0.015   0.020   0.010   0.019   0.020   0.041   0.028   0.016   0.014   0.012   0.018   0.036   0.013   0.020   0.020   0.005   0.010   0.025   0.016   0.023   0.018   0.017   0.015   0.020   0.013   0.026   0.033   0.009   0.247   0.275   0.146   0.025   0.017
   0.048   0.042   0.038   0.021   0.022   0.030   0.028   0.018   0.024   0.016   0.032   0.012   0.015   0.018   0.019   0.000   0.128   0.226   1.000   0.229   0.225   0.271   0.158   0.064   0.118   0.196   0.109   0.043   0.035   0.089   0.083   0.024   0.032   0.020   0.035   0.021   0.019   0.025   0.000   0.022   0.022   0.013   0.019   0.017   0.012   0.020   0.024   0.019   0.021   0.025   0.079   0.034   0.012   0.021   0.029   0.021   0.045   0.018   0.013   0.022   0.008   0.014   0.035   0.021   0.016   0.014   0.019   0.022   0.020   0.021   0.018   0.031   0.022   0.023   0.015   0.018   0.017   0.020   0.010   0.000   0.017   0.015   0.019   0.020   0.013   0.015   0.070   0.043   0.100   0.040   0.026   0.053   0.036   0.023   0.022   0.060   0.043   0.022   0.025   0.020   0.050   0.026   0.018   0.015   0.015   0.010   0.015   0.017   0.013   0.013   0.011   0.008   0.015   0.016   0.021   0.022   0.008   0.013   0.007   0.016   0.021   0.026   0.020   0.013   0.016   0.015   0.009   0.033   0.014   0.018   0.026   0.015   0.011   0.031   0.015   0.019   0.032   0.013   0.012   0.014   0.015   0.019   0.020   0.012   0.109   0.122   0.095   0.018   0.019
   0.031   0.034   0.042   0.020   0.020   0.023   0.028   0.013   0.015   0.016   0.017   0.018   0.008   0.009   0.014   0.000   0.129   0.082   0.229   1.000   0.098   0.209   0.228   0.079   0.078   0.102   0.127   0.058   0.033   0.069   0.075   0.010   0.031   0.010   0.022   0.012   0.010   0.016   0.000   0.014   0.019   0.011   0.016   0.008   0.012   0.010   0.017   0.003   0.009   0.010   0.194   0.046   0.029   0.021   0.018   0.024   0.075   0.036   0.033   0.028   0.009   0.018   0.036   0.016   0.015   0.014   0.018   0.017   0.014   0.025   0.010   0.031   0.020   0.018   0.010   0.016   0.011   0.016   0.021   0.000   0.023   0.019   0.021   0.009   0.019   0.013   0.026   0.023   0.034   0.027   0.024   0.019   0.019   0.019   0.017   0.027   0.022   0.015   0.013   0.020   0.030   0.020   0.011   0.010   0.010   0.006   0.013   0.019   0.010   0.011   0.018   0.010   0.021   0.016   0.018   0.013   0.011   0.013   0.008   0.013   0.021   0.010   0.013   0.009   0.023   0.015   0.016   0.023   0.008   0.029   0.025   0.012   0.014   0.020   0.024   0.033   0.008   0.008   0.027   0.021   0.033   0.030   0.021   0.014   0.052   0.036   0.039   0.007   0.006
   0.085   0.069   0.036   0.020   0.022   0.040   0.041   0.016   0.015   0.028   0.019   0.020   0.015   0.008   0.023   0.000   0.033   0.277   0.225   0.098   1.000   0.213   0.121   0.051   0.254   0.289   0.133   0.043   0.038   0.193   0.119   0.032   0.027   0.023   0.030   0.017   0.019   0.026   0.000   0.018   0.027   0.015   0.019   0.011   0.020   0.020   0.024   0.017   0.016   0.018   0.047   0.033   0.015   0.013   0.023   0.023   0.019   0.014   0.012   0.025   0.021   0.032   0.018   0.017   0.014   0.014   0.039   0.019   0.018   0.028   0.023   0.055   0.034   0.035   0.025   0.026   0.024   0.034   0.015   0.000   0.014   0.015   0.016   0.009   0.017   0.008   0.085   0.026   0.145   0.070   0.036   0.099   0.054   0.028   0.027   0.103   0.056   0.038   0.040   0.025   0.065   0.041   0.032   0.017   0.031   0.012   0.021   0.023   0.017   0.013   0.009   0.012   0.013   0.012   0.016   0.037   0.009   0.018   0.011   0.013   0.025   0.034   0.019   0.019   0.022   0.011   0.012   0.018   0.018   0.023   0.020   0.017   0.018   0.025   0.008   0.023   0.019   0.015   0.013   0.011   0.035   0.019   0.036   0.015   0.124   0.239   0.190   0.033   0.011
   0.053   0.063   0.086   0.038   0.038   0.025   0.049   0.026   0.038   0.018   0.029   0.023   0.021   0.028   0.026   0.000   0.053   0.146   0.271   0.209   0.213   1.000   0.273   0.115   0.115   0.293   0.279   0.115   0.075   0.129   0.156   0.023   0.032   0.017   0.027   0.006   0.027   0.018   0.000   0.022   0.025   0.015   0.020   0.013   0.021   0.018   0.036   0.008   0.021   0.022   0.064   0.046   0.042   0.032   0.027   0.017   0.030   0.017   0.019   0.019   0.015   0.023   0.022   0.011   0.013   0.015   0.021   0.018   0.012   0.009   0.017   0.030   0.017   0.014   0.011   0.024   0.015   0.020   0.022   0.000   0.019   0.023   0.031   0.017   0.023   0.024   0.040   0.028   0.057   0.035   0.025   0.039   0.022   0.017   0.018   0.055   0.031   0.025   0.029   0.019   0.040   0.023   0.010   0.010   0.010   0.009   0.007   0.014   0.012   0.017   0.009   0.007   0.022   0.023   0.028   0.027   0.009   0.015   0.009   0.015   0.019   0.022   0.013   0.019   0.021   0.018   0.013   0.029   0.012   0.018   0.027   0.021   0.008   0.029   0.019   0.021   0.012   0.007   0.012   0.009   0.023   0.024   0.022   0.023   0.069   0.096   0.083   0.012   0.011
   0.057   0.088   0.086   0.042   0.036   0.029   0.047   0.037   0.024   0.021   0.033   0.017   0.025   0.023   0.016   0.000   0.048   0.087   0.158   0.228   0.121   0.273   1.000   0.204   0.067   0.158   0.347   0.156   0.085   0.120   0.185   0.019   0.024   0.017   0.016   0.003   0.013   0.009   0.000   0.014   0.015   0.013   0.018   0.017   0.020   0.011   0.024   0.013   0.017   0.025   0.101   0.061   0.050   0.024   0.032   0.018   0.034   0.017   0.037   0.039   0.026   0.018   0.021   0.009   0.018   0.017   0.024   0.020   0.016   0.014   0.010   0.025   0.013   0.014   0.011   0.016   0.024   0.017   0.020   0.000   0.031   0.027   0.029   0.017   0.030   0.022   0.041   0.026   0.051   0.037   0.027   0.040   0.028   0.017   0.016   0.029   0.026   0.023   0.016   0.012   0.031   0.019   0.009   0.005   0.004   0.009   0.006   0.011   0.010   0.009   0.007   0.005   0.018   0.026   0.031   0.016   0.014   0.011   0.011   0.021   0.021   0.019   0.018   0.010   0.023   0.015   0.012   0.022   0.015   0.033   0.022   0.024   0.009   0.023   0.009   0.027   0.016   0.001   0.010   0.012   0.027   0.024   0.024   0.025   0.040   0.049   0.058   0.004   0.009
   0.030   0.066   0.128   0.092   0.064   0.021   0.054   0.050   0.027   0.022   0.019   0.010   0.014   0.017   0.018   0.000   0.022   0.053   0.064   0.079   0.051   0.115   0.204   1.000   0.041   0.072   0.186   0.252   0.224   0.056   0.097   0.014   0.018   0.014   0.012   0.014   0.024   0.022   0.000   0.018   0.014   0.008   0.011   0.022   0.022   0.014   0.020   0.014   0.021   0.024   0.080   0.132   0.120   0.038   0.026   0.015   0.029   0.028   0.032   0.045   0.033   0.017   0.029   0.028   0.018   0.009   0.016   0.020   0.013   0.023   0.009   0.021   0.016   0.014   0.015   0.012   0.022   0.014   0.008   0.000   0.017   0.021   0.021   0.011   0.018   0.021   0.032   0.018   0.027   0.025   0.018   0.030   0.018   0.019   0.021   0.029   0.022   0.015   0.022   0.011   0.026   0.014   0.021   0.007   0.017   0.010   0.026   0.027   0.018   0.018   0.021   0.007   0.013   0.019   0.023   0.018   0.016   0.013   0.010   0.021   0.025   0.015   0.019   0.011   0.033   0.010   0.012   0.012   0.013   0.008   0.010   0.020   0.013   0.014   0.016   0.030   0.023   0.006   0.020   0.014   0.022   0.012   0.022   0.016   0.024   0.037   0.026   0.013   0.018
   0.103   0.064   0.027   0.018   0.023   0.037   0.026   0.016   0.013   0.013   0.014   0.021   0.010   0.009   0.016   0.000   0.027   0.175   0.118   0.078   0.254   0.115   0.067   0.041   1.000   0.198   0.109   0.028   0.020   0.208   0.113   0.036   0.040   0.026   0.028   0.028   0.019   0.016   0.000   0.027   0.018   0.017   0.007   0.010   0.018   0.027   0.035   0.029   0.012   0.017   0.043   0.018   0.021   0.016   0.016   0.028   0.009   0.013   0.018   0.019   0.022   0.037   0.005   0.012   0.026   0.019   0.030   0.012   0.021   0.027   0.019   0.074   0.045   0.027   0.017   0.012   0.015   0.021   0.008   0.000   0.004   0.009   0.009   0.010   0.012   0.007   0.090   0.034   0.152   0.094   0.049   0.126   0.072   0.042   0.026   0.168   0.094   0.046   0.037   0.022   0.112   0.038   0.027   0.017   0.019   0.016   0.019   0.019   0.018   0.014   0.015   0.016   0.011   0.020   0.014   0.029   0.012   0.022   0.016   0.013   0.010   0.031   0.018   0.018   0.011   0.010   0.017   0.032   0.019   0.015   0.012   0.007   0.011   0.023   0.020   0.020   0.016   0.013   0.016   0.011   0.015   0.011   0.033   0.012   0.081   0.259   0.242   0.023   0.020
   0.077   0.094   0.066   0.033   0.030   0.036   0.056   0.017   0.023   0.017   0.030   0.028   0.015   0.028   0.032   0.000   0.035   0.151   0.196   0.102   0.289   0.293   0.158   0.072   0.198   1.000   0.234   0.083   0.046   0.211   0.214   0.032   0.024   0.019   0.024   0.010   0.017   0.022   0.000   0.033   0.032   0.015   0.026   0.015   0.039   0.022   0.028   0.023   0.037   0.027   0.048   0.040   0.027   0.026   0.035   0.029   0.023   0.017   0.025   0.033   0.015   0.022   0.016   0.022   0.035   0.013   0.021   0.018   0.017   0.025   0.020   0.043   0.022   0.019   0.010   0.009   0.023   0.021   0.019   0.000   0.010   0.011   0.021   0.019   0.016   0.020   0.052   0.025   0.089   0.047   0.025   0.071   0.037   0.019   0.015   0.082   0.041   0.028   0.020   0.014   0.045   0.028   0.014   0.013   0.021   0.016   0.015   0.018   0.019   0.018   0.017   0.016   0.019   0.017   0.019   0.034   0.014   0.022   0.016   0.022   0.017   0.020   0.021   0.020   0.016   0.020   0.009   0.013   0.016   0.019   0.024   0.020   0.015   0.025   0.009   0.025   0.019   0.008   0.013   0.004   0.017   0.014   0.032   0.015   0.068   0.163   0.120   0.021   0.004
   0.078   0.147   0.159   0.097   0.051   0.041   0.088   0.043   0.028   0.037   0.037   0.019   0.026   0.032   0.015   0.000   0.036   0.091   0.109   0.127   0.133   0.279   0.347   0.186   0.109   0.234   1.000   0.194   0.118   0.171   0.269   0.021   0.023   0.016   0.017   0.014   0.025   0.021   0.000   0.026   0.019   0.007   0.016   0.021   0.013   0.014   0.023   0.012   0.024   0.038   0.055   0.059   0.063   0.041   0.036   0.017   0.023   0.016   0.021   0.022   0.020   0.020   0.024   0.010   0.014   0.021   0.032   0.019   0.021   0.022   0.018   0.035   0.022   0.018   0.010   0.019   0.017   0.020   0.022   0.000   0.030   0.027   0.031   0.018   0.023   0.023   0.038   0.022   0.052   0.030   0.019   0.039   0.030   0.023   0.016   0.049   0.029   0.026   0.021   0.013   0.049   0.023   0.013   0.010   0.004   0.009   0.012   0.015   0.010   0.013   0.011   0.018   0.013   0.016   0.027   0.013   0.013   0.016   0.008   0.018   0.014   0.017   0.012   0.010   0.020   0.014   0.013   0.014   0.020   0.014   0.016   0.012   0.017   0.020   0.017   0.025   0.012   0.008   0.011   0.010   0.025   0.015   0.039   0.024   0.028   0.062   0.070   0.015   0.003
   0.048   0.124   0.258   0.191   0.085   0.033   0.123   0.079   0.057   0.024   0.031   0.018   0.019   0.022   0.013   0.000   0.015   0.040   0.043   0.058   0.043   0.115   0.156   0.252   0.028   0.083   0.194   1.000   0.272   0.077   0.128   0.014   0.020   0.018   0.015   0.008   0.020   0.016   0.000   0.020   0.009   0.011   0.007   0.016   0.018   0.016   0.018   0.010   0.018   0.029   0.047   0.075   0.116   0.044   0.024   0.013   0.025   0.022   0.019   0.018   0.033   0.027   0.017   0.019   0.010   0.017   0.016   0.016   0.014   0.027   0.009   0.026   0.015   0.015   0.013   0.009   0.020   0.015   0.010   0.000   0.015   0.021   0.018   0.016   0.012   0.019   0.026   0.020   0.025   0.022   0.014   0.019   0.013   0.017   0.019   0.022   0.022   0.012   0.022   0.016   0.023   0.012   0.014   0.008   0.004   0.005   0.013   0.010   0.017   0.009   0.009   0.007   0.010   0.015   0.015   0.022   0.011   0.015   0.011   0.024   0.019   0.015   0.022   0.009   0.017   0.010   0.011   0.008   0.016   0.013   0.012   0.015   0.013   0.021   0.014   0.018   0.017   0.009   0.017   0.013   0.014   0.008   0.035   0.017   0.026   0.035   0.026   0.011   0.013
   0.025   0.059   0.159   0.278   0.197   0.025   0.115   0.132   0.078   0.038   0.054   0.019   0.026   0.026   0.022   0.000   0.011   0.034   0.035   0.033   0.038   0.075   0.085   0.224   0.020   0.046   0.118   0.272   1.000   0.038   0.062   0.005   0.014   0.007   0.015   0.008   0.034   0.020   0.000   0.018   0.011   0.014   0.016   0.034   0.012   0.015   0.009   0.009   0.026   0.040   0.028   0.101   0.246   0.070   0.032   0.014   0.025   0.020   0.025   0.031   0.049   0.030   0.016   0.018   0.018   0.027   0.022   0.018   0.015   0.025   0.030   0.014   0.010   0.012   0.015   0.012   0.015   0.011   0.018   0.000   0.023   0.021   0.024   0.020   0.023   0.027   0.018   0.018   0.020   0.007   0.015   0.008   0.009   0.010   0.012   0.022   0.012   0.004   0.014   0.013   0.008   0.009   0.010   0.004   0.009   0.006   0.017   0.015   0.012   0.018   0.017   0.017   0.010   0.014   0.017   0.009   0.015   0.011   0.005   0.015   0.012   0.014   0.024   0.022   0.023   0.011   0.008   0.019   0.021   0.023   0.015   0.013   0.006   0.019   0.011   0.018   0.016   0.007   0.018   0.016   0.022   0.015   0.026   0.023   0.014   0.020   0.013   0.009   0.005
   0.159   0.154   0.059   0.031   0.027   0.061   0.051   0.032   0.022   0.017   0.016   0.010   0.015   0.015   0.026   0.000   0.018   0.121   0.089   0.069   0.193   0.129   0.120   0.056   0.208   0.211   0.171   0.077   0.038   1.000   0.199   0.027   0.024   0.017   0.022   0.008   0.022   0.016   0.000   0.013   0.019   0.016   0.012   0.008   0.022   0.026   0.024   0.019   0.010   0.011   0.039   0.030   0.020   0.012   0.016   0.015   0.014   0.010   0.015   0.015   0.014   0.020   0.013   0.010   0.011   0.018   0.025   0.015   0.017   0.028   0.015   0.080   0.038   0.020   0.013   0.013   0.025   0.022   0.011   0.000   0.010   0.008   0.011   0.026   0.020   0.012   0.042   0.017   0.090   0.038   0.031   0.060   0.036   0.016   0.018   0.101   0.041   0.015   0.019   0.010   0.056   0.028   0.017   0.009   0.009   0.003   0.012   0.014   0.014   0.013   0.011   0.012   0.014   0.014   0.014   0.026   0.009   0.020   0.010   0.018   0.014   0.013   0.021   0.020   0.016   0.011   0.004   0.023   0.013   0.015   0.013   0.010   0.009   0.014   0.012   0.013   0.009   0.009   0.009   0.004   0.015   0.008   0.045   0.012   0.056   0.152   0.153   0.018   0.015
   0.130   0.227   0.142   0.076   0.041   0.057   0.087   0.043   0.029   0.023   0.032   0.012   0.025   0.027   0.017   0.000   0.027   0.079   0.083   0.075   0.119   0.156   0.185   0.097   0.113   0.214   0.269   0.128   0.062   0.199   1.000   0.018   0.013   0.011   0.015   0.012   0.022   0.022   0.000   0.019   0.020   0.006   0.016   0.016   0.013   0.014   0.016   0.013   0.025   0.024   0.029   0.028   0.038   0.029   0.022   0.010   0.015   0.015   0.017   0.017   0.017   0.022   0.016   0.010   0.019   0.010   0.017   0.016   0.018   0.014   0.023   0.073   0.035   0.022   0.016   0.020   0.024   0.019   0.021   0.000   0.022   0.025   0.025   0.028   0.027   0.019   0.049   0.026   0.068   0.054   0.037   0.064   0.051   0.024   0.025   0.071   0.038   0.035   0.024   0.017   0.040   0.024   0.009   0.011   0.005   0.014   0.014   0.011   0.021   0.013   0.014   0.018   0.018   0.016   0.032   0.018   0.010   0.010   0.018   0.029   0.028   0.014   0.025   0.025   0.034   0.019   0.010   0.023   0.017   0.011   0.027   0.010   0.020   0.015   0.012   0.017   0.015   0.013   0.007   0.012   0.023   0.011   0.042   0.020   0.030   0.073   0.099   0.013   0.012
   0.021   0.015   0.013   0.012   0.014   0.014   0.011   0.017   0.020   0.017   0.039   0.050   0.017   0.026   0.050   0.000   0.026   0.033   0.024   0.010   0.032   0.023   0.019   0.014   0.036   0.032   0.021   0.014   0.005   0.027   0.018   1.000   0.240   0.241   0.090   0.059   0.062   0.049   0.000   0.031   0.029   0.125   0.069   0.035   0.169   0.156   0.302   0.109   0.051   0.024   0.007   0.023   0.012   0.015   0.026   0.080   0.024   0.018   0.006   0.006   0.019   0.037   0.020   0.009   0.017   0.006   0.018   0.012   0.010   0.014   0.006   0.008   0.021   0.018   0.030   0.031   0.028   0.027   0.034   0.000   0.015   0.043   0.040   0.031   0.050   0.055   0.012   0.015   0.019   0.019   0.007   0.022   0.010   0.016   0.016   0.029   0.013   0.015   0.024   0.036   0.021   0.017   0.342   0.136   0.142   0.075   0.036   0.034   0.019   0.030   0.017   0.010   0.086   0.060   0.047   0.176   0.087   0.217   0.107   0.053   0.034   0.013   0.013   0.015   0.012   0.034   0.080   0.018   0.025   0.014   0.005   0.010   0.026   0.017   0.009   0.013   0.018   0.011   0.009   0.007   0.010   0.016   0.014   0.056   0.018   0.038   0.037   0.232   0.018
   0.011   0.006   0.017   0.016   0.025   0.024   0.012   0.021   0.032   0.017   0.049   0.076   0.014   0.032   0.054   0.000   0.021   0.030   0.032   0.031   0.027   0.032   0.024   0.018   0.040   0.024   0.023   0.020   0.014   0.024   0.013   0.240   1.000   0.200   0.223   0.027   0.041   0.059   0.000   0.019   0.024   0.122   0.080   0.052   0.178   0.209   0.348   0.238   0.123   0.070   0.020   0.013   0.015   0.039   0.078   0.276   0.024   0.011   0.018   0.011   0.025   0.114   0.024   0.015   0.032   0.010   0.038   0.014   0.014   0.016   0.021   0.012   0.012   0.014   0.028   0.034   0.024   0.020   0.027   0.000   0.026   0.041   0.047   0.028   0.046   0.056   0.009   0.017   0.009   0.015   0.010   0.018   0.012   0.014   0.019   0.023   0.015   0.008   0.017   0.032   0.013   0.010   0.119   0.083   0.063   0.055   0.017   0.027   0.023   0.010   0.020   0.021   0.061   0.054   0.053   0.094   0.069   0.086   0.075   0.054   0.049   0.014   0.013   0.025   0.016   0.037   0.066   0.025   0.026   0.016   0.011   0.020   0.038   0.021   0.021   0.007   0.016   0.014   0.013   0.019   0.014   0.019   0.009   0.043   0.023   0.023   0.029   0.082   0.012
