
   1.000   0.145   0.076   0.050   0.016   0.097   0.070   0.037   0.039   0.047   0.038   0.018   0.043   0.025   0.020   0.000   0.022   0.102   0.086   0.040   0.100   0.064   0.056   0.033   0.082   0.073   0.064   0.053   0.028   0.113   0.084   0.020   0.015   0.006   0.018   0.010   0.010   0.010   0.000   0.018   0.010   0.015   0.014   0.015   0.017   0.017   0.020   0.020   0.012   0.015   0.020   0.010   0.014   0.024   0.005   0.005   0.024   0.018   0.013   0.010   0.009   0.008   0.015   0.011   0.015   0.004   0.013   0.012   0.012   0.016   0.006   0.098   0.046   0.027   0.019   0.022   0.048   0.033   0.011   0.000   0.024   0.017   0.016   0.037   0.028   0.020   0.032   0.027   0.092   0.039   0.039   0.059   0.039   0.037   0.029   0.079   0.040   0.039   0.027   0.017   0.042   0.035   0.013   0.009   0.015   0.009   0.021   0.015   0.016   0.020   0.027   0.015   0.013   0.024   0.016   0.018   0.017   0.019   0.009   0.014   0.007   0.028   0.018   0.015   0.013   0.013   0.005   0.017   0.020   0.012   0.012   0.015   0.014   0.023   0.022   0.020   0.018   0.012   0.007   0.024   0.019   0.018   0.087   0.018   0.049   0.084   0.129   0.013   0.014
   0.145   1.000   0.162   0.082   0.039   0.116   0.117   0.074   0.052   0.040   0.028   0.021   0.031   0.018   0.016   0.000   0.030   0.065   0.056   0.038   0.065   0.057   0.068   0.064   0.045   0.097   0.122   0.092   0.065   0.138   0.152   0.010   0.006   0.014   0.011   0.010   0.016   0.017   0.000   0.018   0.015   0.016   0.019   0.021   0.012   0.004   0.014   0.014   0.012   0.028   0.036   0.038   0.030   0.025   0.022   0.013   0.021   0.024   0.024   0.016   0.016   0.008   0.020   0.016   0.014   0.013   0.017   0.013   0.014   0.014   0.017   0.054   0.039   0.028   0.023   0.033   0.025   0.031   0.020   0.000   0.011   0.019   0.018   0.029   0.014   0.018   0.025   0.021   0.045   0.019   0.018   0.027   0.019   0.021   0.025   0.046   0.025   0.034   0.028   0.029   0.027   0.025   0.009   0.007   0.009   0.011   0.017   0.009   0.012   0.010   0.015   0.012   0.003   0.015   0.016   0.011   0.016   0.010   0.012   0.018   0.015   0.016   0.019   0.016   0.019   0.016   0.013   0.016   0.009   0.028   0.016   0.006   0.008   0.013   0.025   0.022   0.012   0.012   0.016   0.020   0.015   0.009   0.054   0.012   0.040   0.044   0.062   0.014   0.009
   0.076   0.162   1.000   0.216   0.110   0.083   0.185   0.157   0.086   0.041   0.046   0.020   0.026   0.026   0.015   0.000   0.028   0.037   0.048   0.056   0.065   0.083   0.097   0.118   0.033   0.060   0.177   0.243   0.157   0.092   0.135   0.009   0.014   0.005   0.013   0.011   0.007   0.025   0.000   0.020   0.007   0.020   0.029   0.028   0.012   0.012   0.014   0.019   0.013   0.038   0.026   0.055   0.078   0.059   0.035   0.014   0.025   0.020   0.018   0.026   0.027   0.025   0.017   0.010   0.008   0.012   0.015   0.011   0.010   0.007   0.015   0.026   0.025   0.016   0.017   0.018   0.023   0.016   0.013   0.000   0.007   0.015   0.023   0.022   0.026   0.020   0.020   0.029   0.023   0.021   0.018   0.016   0.021   0.033   0.024   0.022   0.008   0.018   0.021   0.022   0.015   0.009   0.015   0.015   0.016   0.014   0.013   0.009   0.015   0.019   0.013   0.015   0.027   0.021   0.016   0.007   0.016   0.011   0.014   0.015   0.015   0.017   0.021   0.029   0.022   0.020   0.015   0.011   0.016   0.015   0.023   0.021   0.017   0.011   0.031   0.024   0.029   0.013   0.011   0.012   0.030   0.015   0.025   0.021   0.035   0.032   0.035   0.014   0.011
   0.050   0.082   0.216   1.000   0.234   0.081   0.157   0.194   0.142   0.065   0.069   0.022   0.027   0.018   0.016   0.000   0.026   0.015   0.035   0.040   0.028   0.051   0.073   0.086   0.015   0.026   0.091   0.210   0.196   0.052   0.068   0.007   0.007   0.012   0.007   0.005   0.007   0.021   0.000   0.019   0.011   0.026   0.020   0.047   0.009   0.013   0.009   0.016   0.040   0.062   0.019   0.045   0.116   0.098   0.032   0.014   0.020   0.014   0.019   0.023   0.030   0.016   0.015   0.016   0.017   0.013   0.022   0.017   0.027   0.015   0.014   0.026   0.035   0.024   0.016   0.010   0.024   0.021   0.016   0.000   0.015   0.017   0.024   0.023   0.030   0.024   0.012   0.024   0.014   0.015   0.025   0.011   0.024   0.035   0.032   0.017   0.016   0.027   0.022   0.023   0.017   0.021   0.014   0.014   0.006   0.010   0.012   0.011   0.013   0.025   0.016   0.010   0.026   0.023   0.022   0.016   0.017   0.013   0.013   0.012   0.011   0.022   0.031   0.015   0.012   0.010   0.009   0.011   0.018   0.030   0.019   0.012   0.021   0.007   0.017   0.015   0.015   0.009   0.009   0.016   0.016   0.010   0.036   0.017   0.014   0.013   0.022   0.015   0.010
   0.016   0.039   0.110   0.234   1.000   0.062   0.115   0.193   0.224   0.086   0.101   0.035   0.039   0.028   0.023   0.000   0.028   0.012   0.027   0.037   0.015   0.018   0.039   0.065   0.013   0.020   0.049   0.125   0.173   0.017   0.030   0.015   0.020   0.017   0.015   0.009   0.016   0.017   0.000   0.011   0.019   0.025   0.042   0.097   0.023   0.026   0.014   0.032   0.085   0.149   0.028   0.052   0.124   0.202   0.079   0.034   0.022   0.020   0.030   0.029   0.048   0.024   0.011   0.020   0.018   0.019   0.023   0.009   0.024   0.014   0.018   0.023   0.026   0.021   0.011   0.011   0.025   0.019   0.007   0.000   0.022   0.011   0.015   0.025   0.028   0.025   0.016   0.015   0.011   0.009   0.009   0.010   0.008   0.017   0.017   0.009   0.008   0.019   0.015   0.020   0.009   0.010   0.021   0.015   0.010   0.009   0.008   0.011   0.010   0.009   0.017   0.009   0.029   0.027   0.027   0.026   0.035   0.021   0.021   0.017   0.019   0.010   0.029   0.008   0.027   0.016   0.016   0.013   0.011   0.029   0.020   0.019   0.009   0.012   0.019   0.021   0.016   0.009   0.014   0.017   0.022   0.019   0.021   0.022   0.011   0.009   0.008   0.022   0.017
   0.097   0.116   0.083   0.081   0.062   1.000   0.118   0.123   0.087   0.125   0.111   0.055   0.106   0.061   0.034   0.000   0.007   0.029   0.025   0.016   0.018   0.016   0.035   0.035   0.025   0.016   0.039   0.066   0.052   0.035   0.043   0.016   0.015   0.009   0.014   0.001   0.005   0.004   0.000   0.014   0.009   0.033   0.049   0.051   0.028   0.028   0.015   0.034   0.025   0.053   0.018   0.018   0.023   0.042   0.030   0.029   0.010   0.011   0.013   0.022   0.026   0.008   0.011   0.013   0.014   0.007   0.015   0.018   0.023   0.007   0.013   0.060   0.036   0.030   0.031   0.022   0.061   0.042   0.020   0.000   0.033   0.022   0.017   0.071   0.025   0.027   0.027   0.018   0.028   0.018   0.015   0.028   0.035   0.020   0.014   0.024   0.029   0.032   0.020   0.019   0.017   0.016   0.020   0.015   0.016   0.013   0.012   0.015   0.010   0.009   0.015   0.016   0.009   0.025   0.025   0.015   0.020   0.012   0.014   0.017   0.023   0.024   0.015   0.015   0.017   0.022   0.015   0.018   0.031   0.022   0.016   0.010   0.015   0.011   0.034   0.010   0.018   0.014   0.015   0.029   0.034   0.015   0.128   0.035   0.023   0.022   0.030   0.015   0.010
   0.070   0.117   0.185   0.157   0.115   0.118   1.000   0.251   0.144   0.079   0.098   0.044   0.041   0.020   0.015   0.000   0.017   0.028   0.036   0.037   0.039   0.039   0.047   0.054   0.027   0.035   0.096   0.137   0.095   0.050   0.099   0.013   0.016   0.009   0.013   0.009   0.006   0.011   0.000   0.011   0.009   0.021   0.021   0.057   0.021   0.019   0.016   0.025   0.023   0.046   0.014   0.045   0.055   0.048   0.024   0.025   0.011   0.021   0.019   0.026   0.015   0.009   0.014   0.015   0.030   0.012   0.012   0.018   0.016   0.012   0.013   0.036   0.028   0.022   0.022   0.021   0.035   0.028   0.015   0.000   0.018   0.015   0.016   0.030   0.015   0.012   0.011   0.012   0.018   0.012   0.009   0.015   0.019   0.014   0.011   0.027   0.015   0.021   0.016   0.022   0.015   0.017   0.017   0.011   0.012   0.012   0.014   0.012   0.007   0.004   0.007   0.008   0.014   0.018   0.023   0.011   0.011   0.012   0.020   0.014   0.027   0.013   0.029   0.023   0.018   0.018   0.020   0.008   0.008   0.019   0.020   0.016   0.022   0.007   0.021   0.021   0.016   0.012   0.010   0.013   0.021   0.013   0.047   0.022   0.019   0.017   0.022   0.019   0.007
   0.037   0.074   0.157   0.194   0.193   0.123   0.251   1.000   0.225   0.097   0.140   0.044   0.043   0.031   0.025   0.000   0.007   0.016   0.028   0.033   0.014   0.021   0.042   0.044   0.018   0.018   0.050   0.108   0.090   0.028   0.032   0.018   0.022   0.010   0.013   0.007   0.012   0.015   0.000   0.016   0.005   0.021   0.046   0.093   0.036   0.029   0.027   0.035   0.038   0.102   0.009   0.023   0.055   0.084   0.049   0.034   0.013   0.016   0.022   0.022   0.022   0.016   0.007   0.018   0.020   0.013   0.014   0.024   0.024   0.010   0.012   0.022   0.025   0.023   0.018   0.016   0.032   0.036   0.015   0.000   0.018   0.013   0.008   0.043   0.013   0.018   0.013   0.008   0.013   0.014   0.011   0.010   0.020   0.023   0.019   0.014   0.013   0.014   0.015   0.019   0.009   0.010   0.018   0.021   0.015   0.024   0.010   0.013   0.016   0.004   0.008   0.006   0.021   0.021   0.018   0.010   0.019   0.014   0.016   0.017   0.013   0.023   0.034   0.011   0.011   0.017   0.022   0.009   0.008   0.036   0.018   0.019   0.023   0.011   0.024   0.021   0.017   0.011   0.012   0.015   0.014   0.020   0.035   0.022   0.010   0.009   0.011   0.019   0.006
   0.039   0.052   0.086   0.142   0.224   0.087   0.144   0.225   1.000   0.101   0.138   0.059   0.037   0.036   0.033   0.000   0.018   0.009   0.021   0.024   0.013   0.019   0.027   0.033   0.011   0.014   0.030   0.055   0.083   0.014   0.026   0.014   0.027   0.009   0.016   0.011   0.017   0.017   0.000   0.009   0.013   0.045   0.061   0.175   0.035   0.049   0.033   0.049   0.102   0.225   0.017   0.023   0.068   0.155   0.105   0.068   0.006   0.015   0.015   0.030   0.030   0.021   0.007   0.012   0.013   0.014   0.014   0.006   0.016   0.011   0.012   0.029   0.037   0.023   0.010   0.010   0.023   0.024   0.021   0.000   0.025   0.017   0.011   0.030   0.030   0.031   0.009   0.017   0.012   0.008   0.014   0.014   0.012   0.030   0.019   0.009   0.009   0.020   0.012   0.018   0.012   0.010   0.019   0.027   0.012   0.022   0.008   0.012   0.013   0.005   0.009   0.011   0.018   0.024   0.028   0.023   0.020   0.023   0.020   0.019   0.018   0.015   0.032   0.007   0.012   0.017   0.022   0.015   0.009   0.035   0.013   0.017   0.026   0.008   0.016   0.031   0.014   0.019   0.007   0.029   0.023   0.031   0.023   0.035   0.005   0.013   0.017   0.016   0.007
   0.047   0.040   0.041   0.065   0.086   0.125   0.079   0.097   0.101   1.000   0.114   0.070   0.068   0.082   0.052   0.000   0.006   0.007   0.020   0.021   0.014   0.014   0.027   0.032   0.009   0.013   0.031   0.035   0.041   0.016   0.023   0.017   0.015   0.010   0.014   0.008   0.011   0.011   0.000   0.020   0.018   0.043   0.050   0.065   0.029   0.038   0.023   0.026   0.058   0.071   0.022   0.018   0.027   0.046   0.049   0.021   0.011   0.015   0.015   0.009   0.022   0.016   0.009   0.016   0.015   0.009   0.012   0.003   0.009   0.007   0.019   0.029   0.022   0.019   0.015   0.016   0.027   0.026   0.013   0.000   0.022   0.016   0.011   0.055   0.029   0.023   0.008   0.008   0.009   0.009   0.011   0.010   0.013   0.027   0.019   0.016   0.019   0.021   0.019   0.031   0.008   0.012   0.014   0.019   0.015   0.011   0.011   0.015   0.010   0.011   0.010   0.007   0.022   0.022   0.012   0.018   0.018   0.014   0.014   0.019   0.021   0.018   0.028   0.019   0.008   0.013   0.014   0.018   0.007   0.021   0.013   0.016   0.008   0.014   0.025   0.021   0.019   0.010   0.014   0.028   0.021   0.020   0.059   0.031   0.013   0.011   0.019   0.005   0.015
   0.038   0.028   0.046   0.069   0.101   0.111   0.098   0.140   0.138   0.114   1.000   0.093   0.062   0.075   0.039   0.000   0.012   0.014   0.018   0.017   0.013   0.010   0.016   0.020   0.012   0.014   0.018   0.025   0.038   0.015   0.021   0.022   0.023   0.014   0.022   0.012   0.012   0.018   0.000   0.013   0.013   0.057   0.116   0.198   0.035   0.068   0.041   0.086   0.113   0.123   0.012   0.016   0.043   0.081   0.058   0.068   0.007   0.010   0.020   0.015   0.027   0.021   0.007   0.015   0.019   0.013   0.012   0.015   0.011   0.013   0.013   0.020   0.018   0.023   0.024   0.008   0.033   0.041   0.022   0.000   0.024   0.015   0.022   0.041   0.019   0.024   0.007   0.013   0.009   0.004   0.007   0.011   0.008   0.013   0.014   0.013   0.018   0.014   0.014   0.023   0.008   0.003   0.024   0.013   0.013   0.010   0.008   0.012   0.008   0.014   0.009   0.012   0.014   0.012   0.009   0.024   0.016   0.015   0.009   0.009   0.007   0.010   0.023   0.020   0.014   0.012   0.015   0.013   0.016   0.020   0.009   0.021   0.015   0.009   0.021   0.033   0.014   0.009   0.014   0.026   0.024   0.007   0.046   0.033   0.012   0.007   0.015   0.012   0.006
   0.018   0.021   0.020   0.022   0.035   0.055   0.044   0.044   0.059   0.070   0.093   1.000   0.056   0.119   0.076   0.000   0.009   0.005   0.007   0.013   0.009   0.012   0.010   0.021   0.008   0.004   0.026   0.019   0.028   0.014   0.014   0.042   0.040   0.029   0.025   0.016   0.015   0.014   0.000   0.018   0.013   0.091   0.107   0.128   0.041   0.083   0.062   0.103   0.078   0.071   0.023   0.023   0.025   0.033   0.080   0.077   0.014   0.013   0.030   0.008   0.021   0.031   0.019   0.016   0.021   0.010   0.015   0.012   0.018   0.012   0.013   0.024   0.018   0.015   0.008   0.014   0.023   0.021   0.010   0.000   0.024   0.014   0.023   0.027   0.023   0.038   0.017   0.014   0.013   0.012   0.011   0.013   0.012   0.016   0.016   0.009   0.019   0.022   0.017   0.018   0.004   0.011   0.025   0.013   0.011   0.014   0.012   0.011   0.007   0.009   0.009   0.017   0.026   0.012   0.012   0.030   0.023   0.014   0.014   0.014   0.007   0.009   0.014   0.011   0.012   0.011   0.007   0.017   0.018   0.020   0.009   0.006   0.029   0.013   0.022   0.020   0.010   0.006   0.012   0.027   0.023   0.017   0.025   0.053   0.003   0.018   0.020   0.015   0.016
   0.043   0.031   0.026   0.027   0.039   0.106   0.041   0.043   0.037   0.068   0.062   0.056   1.000   0.092   0.065   0.000   0.015   0.027   0.010   0.009   0.015   0.016   0.020   0.021   0.022   0.012   0.009   0.024   0.031   0.016   0.014   0.017   0.009   0.010   0.007   0.010   0.015   0.012   0.000   0.013   0.004   0.039   0.045   0.032   0.033   0.049   0.021   0.031   0.025   0.039   0.016   0.010   0.010   0.037   0.024   0.013   0.012   0.013   0.011   0.013   0.020   0.011   0.010   0.016   0.004   0.012   0.004   0.009   0.014   0.013   0.007   0.049   0.039   0.037   0.032   0.028   0.091   0.039   0.038   0.000   0.068   0.039   0.037   0.157   0.062   0.049   0.016   0.023   0.033   0.037   0.023   0.019   0.020   0.019   0.011   0.012   0.012   0.025   0.025   0.035   0.010   0.028   0.017   0.017   0.013   0.015   0.011   0.015   0.012   0.023   0.010   0.029   0.034   0.045   0.032   0.034   0.027   0.023   0.028   0.031   0.025   0.018   0.017   0.013   0.015   0.023   0.026   0.013   0.006   0.015   0.013   0.012   0.010   0.016   0.027   0.014   0.020   0.013   0.026   0.022   0.030   0.025   0.153   0.097   0.028   0.026   0.023   0.015   0.009
   0.025   0.018   0.026   0.018   0.028   0.061   0.020   0.031   0.036   0.082   0.075   0.119   0.092   1.000   0.117   0.000   0.020   0.010   0.013   0.016   0.012   0.009   0.018   0.022   0.008   0.014   0.012   0.014   0.024   0.016   0.012   0.029   0.024   0.017   0.019   0.008   0.009   0.015   0.000   0.016   0.008   0.105   0.083   0.069   0.048   0.087   0.050   0.060   0.045   0.043   0.029   0.018   0.008   0.029   0.039   0.046   0.013   0.018   0.009   0.009   0.016   0.018   0.011   0.012   0.009   0.002   0.009   0.011   0.012   0.009   0.013   0.022   0.014   0.023   0.012   0.018   0.052   0.022   0.010   0.000   0.032   0.025   0.031   0.063   0.040   0.049   0.016   0.010   0.013   0.018   0.024   0.012   0.014   0.026   0.019   0.009   0.025   0.017   0.014   0.016   0.011   0.024   0.020   0.024   0.008   0.019   0.005   0.008   0.010   0.006   0.007   0.011   0.031   0.025   0.025   0.037   0.022   0.025   0.020   0.019   0.013   0.026   0.016   0.019   0.013   0.012   0.017   0.014   0.014   0.024   0.017   0.006   0.012   0.021   0.018   0.017   0.017   0.009   0.008   0.019   0.021   0.023   0.052   0.050   0.008   0.009   0.010   0.016   0.010
   0.020   0.016   0.015   0.016   0.023   0.034   0.015   0.025   0.033   0.052   0.039   0.076   0.065   0.117   1.000   0.000   0.010   0.015   0.008   0.010   0.009   0.015   0.023   0.019   0.011   0.020   0.011   0.012   0.020   0.008   0.011   0.045   0.041   0.024   0.027   0.011   0.014   0.017   0.000   0.010   0.011   0.109   0.077   0.049   0.118   0.103   0.078   0.075   0.055   0.037   0.015   0.018   0.010   0.014   0.044   0.067   0.010   0.010   0.014   0.014   0.025   0.015   0.008   0.016   0.009   0.014   0.015   0.009   0.006   0.010   0.012   0.013   0.011   0.009   0.014   0.013   0.034   0.028   0.018   0.000   0.043   0.030   0.050   0.051   0.058   0.102   0.009   0.025   0.015   0.015   0.016   0.014   0.008   0.015   0.009   0.009   0.008   0.005   0.010   0.014   0.007   0.010   0.044   0.041   0.018   0.020   0.011   0.015   0.013   0.008   0.014   0.015   0.061   0.055   0.037   0.103   0.056   0.046   0.043   0.030   0.023   0.011   0.017   0.014   0.023   0.030   0.028   0.017   0.022   0.019   0.014   0.018   0.016   0.022   0.030   0.018   0.034   0.032   0.013   0.018   0.022   0.016   0.041   0.078   0.012   0.013   0.013   0.021   0.009
   0.000   0.000   0.000   0.000   0.000   0.000   0.000   0.000   0.000   0.000   0.000   0.000   0.000   0.000   0.000   0.000   0.000   0.000   0.000   0.000   0.000   0.000   0.000   0.000   0.000   0.000   0.000   0.000   0.000   0.000   0.000   0.000   0.000   0.000   0.000   0.000   0.000   0.000   0.000   0.000   0.000   0.000   0.000   0.000   0.000   0.000   0.000   0.000   0.000   0.000   0.000   0.000   0.000   0.000   0.000   0.000   0.000   0.000   0.000   0.000   0.000   0.000   0.000   0.000   0.000   0.000   0.000   0.000   0.000   0.000   0.000   0.000   0.000   0.000   0.000   0.000   0.000   0.000   0.000   0.000   0.000   0.000   0.000   0.000   0.000   0.000   0.000   0.000   0.000   0.000   0.000   0.000   0.000   0.000   0.000   0.000   0.000   0.000   0.000   0.000   0.000   0.000   0.000   0.000   0.000   0.000   0.000   0.000   0.000   0.000   0.000   0.000   0.000   0.000   0.000   0.000   0.000   0.000   0.000   0.000   0.000   0.000   0.000   0.000   0.000   0.000   0.000   0.000   0.000   0.000   0.000   0.000   0.000   0.000   0.000   0.000   0.000   0.000   0.000   0.000   0.000   0.000   0.000   0.000   0.000   0.000   0.000   0.000   0.000
   0.022   0.030   0.028   0.026   0.028   0.007   0.017   0.007   0.018   0.006   0.012   0.009   0.015   0.020   0.010   0.000   1.000   0.043   0.088   0.162   0.059   0.088   0.078   0.071   0.023   0.070   0.047   0.031   0.052   0.044   0.032   0.019   0.017   0.017   0.015   0.032   0.028   0.026   0.000   0.013   0.019   0.014   0.009   0.012   0.010   0.013   0.006   0.016   0.015   0.016   0.141   0.040   0.036   0.024   0.021   0.012   0.203   0.047   0.030   0.016   0.020   0.026   0.066   0.027   0.012   0.020   0.023   0.028   0.021   0.014   0.015   0.008   0.007   0.016   0.012   0.019   0.014   0.013   0.019   0.000   0.011   0.014   0.008   0.011   0.014   0.007   0.035   0.019   0.032   0.018   0.021   0.020   0.018   0.021   0.014   0.028   0.020   0.016   0.011   0.009   0.027   0.011   0.014   0.013   0.017   0.007   0.028   0.015   0.012   0.018   0.018   0.022   0.008   0.010   0.016   0.011   0.015   0.015   0.019   0.015   0.017   0.014   0.013   0.005   0.010   0.013   0.012   0.015   0.013   0.006   0.007   0.014   0.015   0.014   0.015   0.025   0.015   0.012   0.021   0.025   0.025   0.016   0.010   0.011   0.084   0.037   0.022   0.021   0.037
   0.102   0.065   0.037   0.015   0.012   0.029   0.028   0.016   0.009   0.007   0.014   0.005   0.027   0.010   0.015   0.000   0.043   1.000   0.205   0.058   0.209   0.132   0.071   0.036   0.181   0.109   0.054   0.039   0.027   0.105   0.053   0.017   0.011   0.011   0.003   0.022   0.014   0.010   0.000   0.014   0.014   0.018   0.006   0.016   0.019   0.012   0.013   0.018   0.011   0.016   0.028   0.021   0.020   0.028   0.009   0.011   0.025   0.027   0.010   0.015   0.015   0.010   0.022   0.028   0.012   0.013   0.022   0.010   0.012   0.015   0.007   0.043   0.025   0.017   0.017   0.013   0.024   0.013   0.015   0.000   0.019   0.014   0.015   0.029   0.014   0.026   0.123   0.044   0.322   0.107   0.050   0.161   0.077   0.034   0.019   0.195   0.079   0.041   0.015   0.016   0.089   0.028   0.011   0.012   0.012   0.009   0.025   0.014   0.017   0.017   0.011   0.021   0.016   0.022   0.016   0.033   0.013   0.012   0.025   0.014   0.016   0.017   0.009   0.007   0.013   0.017   0.015   0.014   0.020   0.012   0.011   0.018   0.007   0.013   0.024   0.020   0.012   0.015   0.014   0.020   0.029   0.016   0.023   0.013   0.281   0.283   0.130   0.018   0.021
   0.086   0.056   0.048   0.035   0.027   0.025   0.036   0.028   0.021   0.020   0.018   0.007   0.010   0.013   0.008   0.000   0.088   0.205   1.000   0.165   0.224   0.221   0.162   0.079   0.110   0.159   0.110   0.058   0.050   0.128   0.070   0.005   0.012   0.006   0.011   0.026   0.026   0.006   0.000   0.013   0.009   0.021   0.016   0.021   0.014   0.016   0.011   0.019   0.013   0.021   0.039   0.017   0.011   0.024   0.018   0.013   0.042   0.018   0.006   0.011   0.010   0.012   0.028   0.024   0.014   0.006   0.011   0.011   0.014   0.017   0.012   0.020   0.017   0.010   0.011   0.006   0.018   0.016   0.015   0.000   0.013   0.011   0.010   0.013   0.009   0.013   0.058   0.040   0.113   0.034   0.022   0.052   0.052   0.030   0.012   0.089   0.047   0.026   0.009   0.005   0.059   0.022   0.012   0.004   0.014   0.007   0.021   0.016   0.014   0.016   0.022   0.026   0.026   0.019   0.006   0.018   0.017   0.012   0.016   0.010   0.010   0.014   0.009   0.007   0.008   0.010   0.004   0.016   0.016   0.019   0.011   0.020   0.006   0.019   0.008   0.013   0.018   0.012   0.012   0.006   0.026   0.020   0.020   0.012   0.158   0.140   0.091   0.018   0.028
   0.040   0.038   0.056   0.040   0.037   0.016   0.037   0.033   0.024   0.021   0.017   0.013   0.009   0.016   0.010   0.000   0.162   0.058   0.165   1.000   0.127   0.172   0.216   0.135   0.056   0.094   0.083   0.069   0.071   0.073   0.059   0.004   0.015   0.009   0.019   0.037   0.024   0.029   0.000   0.018   0.020   0.014   0.013   0.024   0.008   0.013   0.012   0.017   0.013   0.031   0.173   0.045   0.029   0.034   0.032   0.011   0.079   0.054   0.026   0.010   0.017   0.025   0.038   0.029   0.015   0.016   0.013   0.014   0.014   0.018   0.017   0.014   0.009   0.018   0.005   0.013   0.014   0.019   0.016   0.000   0.005   0.011   0.018   0.009   0.014   0.009   0.026   0.013   0.038   0.024   0.017   0.029   0.024   0.016   0.012   0.032   0.023   0.020   0.014   0.014   0.021   0.022   0.018   0.014   0.014   0.009   0.029   0.014   0.009   0.015   0.008   0.017   0.013   0.018   0.010   0.018   0.027   0.013   0.018   0.012   0.013   0.010   0.013   0.008   0.008   0.015   0.011   0.004   0.017   0.007   0.012   0.013   0.014   0.018   0.011   0.022   0.019   0.005   0.008   0.012   0.023   0.013   0.016   0.009   0.072   0.060   0.040   0.020   0.041
   0.100   0.065   0.065   0.028   0.015   0.018   0.039   0.014   0.013   0.014   0.013   0.009   0.015   0.012   0.009   0.000   0.059   0.209   0.224   0.127   1.000   0.254   0.118   0.062   0.209   0.246   0.117   0.062   0.038   0.151   0.091   0.007   0.011   0.013   0.012   0.010   0.013   0.015   0.000   0.011   0.015   0.011   0.016   0.016   0.016   0.011   0.010   0.014   0.008   0.013   0.041   0.017   0.021   0.024   0.007   0.009   0.026   0.025   0.009   0.014   0.007   0.011   0.024   0.015   0.011   0.010   0.012   0.007   0.010   0.016   0.011   0.036   0.021   0.011   0.009   0.011   0.019   0.016   0.014   0.000   0.011   0.005   0.011   0.012   0.007   0.011   0.062   0.025   0.134   0.044   0.021   0.089   0.052   0.020   0.019   0.116   0.043   0.027   0.010   0.012   0.052   0.021   0.011   0.011   0.020   0.003   0.019   0.015   0.013   0.018   0.021   0.022   0.015   0.016   0.006   0.015   0.021   0.013   0.011   0.006   0.004   0.005   0.011   0.012   0.003   0.007   0.005   0.011   0.013   0.019   0.018   0.019   0.005   0.007   0.012   0.017   0.024   0.018   0.013   0.013   0.028   0.020   0.021   0.016   0.133   0.211   0.152   0.014   0.009
   0.064   0.057   0.083   0.051   0.018   0.016   0.039   0.021   0.019   0.014   0.010   0.012   0.016   0.009   0.015   0.000   0.088   0.132   0.221   0.172   0.254   1.000   0.222   0.109   0.113   0.286   0.222   0.077   0.069   0.189   0.169   0.012   0.019   0.011   0.020   0.019   0.019   0.018   0.000   0.019   0.007   0.015   0.010   0.015   0.014   0.014   0.012   0.019   0.008   0.018   0.073   0.039   0.039   0.018   0.012   0.014   0.028   0.030   0.015   0.014   0.021   0.018   0.014   0.033   0.015   0.014   0.021   0.007   0.014   0.022   0.014   0.020   0.014   0.009   0.013   0.014   0.010   0.017   0.022   0.000   0.006   0.009   0.006   0.011   0.004   0.017   0.042   0.022   0.078   0.038   0.020   0.049   0.039   0.016   0.010   0.072   0.038   0.020   0.008   0.011   0.033   0.019   0.016   0.013   0.017   0.010   0.027   0.013   0.013   0.019   0.028   0.031   0.013   0.026   0.010   0.015   0.014   0.015   0.020   0.014   0.008   0.008   0.011   0.010   0.010   0.014   0.013   0.016   0.019   0.012   0.005   0.016   0.011   0.010   0.010   0.019   0.025   0.014   0.013   0.018   0.034   0.027   0.007   0.013   0.092   0.093   0.084   0.007   0.021
   0.056   0.068   0.097   0.073   0.039   0.035   0.047   0.042   0.027   0.027   0.016   0.010   0.020   0.018   0.023   0.000   0.078   0.071   0.162   0.216   0.118   0.222   1.000   0.260   0.053   0.127   0.198   0.121   0.112   0.113   0.121   0.014   0.013   0.021   0.018   0.016   0.015   0.026   0.000   0.012   0.007   0.022   0.009   0.026   0.020   0.009   0.015   0.011   0.013   0.022   0.117   0.058   0.038   0.024   0.019   0.015   0.033   0.029   0.023   0.028   0.025   0.016   0.017   0.024   0.012   0.020   0.019   0.003   0.010   0.016   0.012   0.016   0.009   0.021   0.015   0.020   0.016   0.025   0.013   0.000   0.005   0.013   0.013   0.014   0.016   0.016   0.020   0.022   0.031   0.026   0.017   0.027   0.028   0.023   0.016   0.041   0.033   0.016   0.022   0.014   0.031   0.022   0.012   0.019   0.020   0.009   0.014   0.008   0.008   0.016   0.015   0.015   0.021   0.026   0.013   0.020   0.024   0.014   0.024   0.012   0.016   0.019   0.012   0.011   0.013   0.013   0.008   0.010   0.027   0.014   0.007   0.007   0.022   0.009   0.015   0.013   0.022   0.009   0.002   0.009   0.023   0.016   0.018   0.012   0.048   0.059   0.039   0.014   0.030
   0.033   0.064   0.118   0.086   0.065   0.035   0.054   0.044   0.033   0.032   0.020   0.021   0.021   0.022   0.019   0.000   0.071   0.036   0.079   0.135   0.062   0.109   0.260   1.000   0.031   0.070   0.173   0.205   0.237   0.089   0.103   0.019   0.017   0.016   0.012   0.021   0.006   0.025   0.000   0.021   0.007   0.018   0.014   0.034   0.014   0.015   0.010   0.023   0.018   0.016   0.139   0.168   0.122   0.040   0.012   0.021   0.027   0.051   0.035   0.047   0.036   0.013   0.012   0.012   0.017   0.021   0.028   0.016   0.019   0.009   0.013   0.013   0.013   0.013   0.008   0.015   0.019   0.020   0.017   0.000   0.011   0.022   0.021   0.016   0.029   0.021   0.016   0.021   0.018   0.018   0.017   0.023   0.016   0.029   0.019   0.019   0.027   0.014   0.010   0.012   0.022   0.023   0.014   0.012   0.020   0.015   0.026   0.022   0.011   0.029   0.025   0.014   0.018   0.027   0.017   0.024   0.021   0.017   0.017   0.019   0.014   0.014   0.021   0.015   0.019   0.020   0.022   0.010   0.024   0.013   0.016   0.015   0.022   0.013   0.015   0.018   0.018   0.009   0.010   0.013   0.036   0.015   0.021   0.008   0.030   0.033   0.030   0.018   0.036
   0.082   0.045   0.033   0.015   0.013   0.025   0.027   0.018   0.011   0.009   0.012   0.008   0.022   0.008   0.011   0.000   0.023   0.181   0.110   0.056   0.209   0.113   0.053   0.031   1.000   0.145   0.060   0.032   0.017   0.128   0.072   0.007   0.011   0.009   0.005   0.014   0.015   0.012   0.000   0.009   0.015   0.011   0.007   0.013   0.009   0.013   0.010   0.012   0.010   0.011   0.024   0.008   0.011   0.015   0.006   0.016   0.015   0.019   0.002   0.014   0.007   0.007   0.016   0.009   0.006   0.008   0.011   0.006   0.009   0.023   0.009   0.045   0.029   0.013   0.016   0.020   0.009   0.017   0.008   0.000   0.010   0.009   0.018   0.020   0.011   0.015   0.063   0.038   0.161   0.071   0.035   0.118   0.055   0.034   0.018   0.152   0.056   0.040   0.015   0.015   0.076   0.038   0.011   0.021   0.019   0.009   0.023   0.010   0.024   0.026   0.013   0.008   0.015   0.013   0.012   0.020   0.016   0.018   0.017   0.013   0.014   0.009   0.013   0.013   0.014   0.014   0.010   0.020   0.013   0.018   0.012   0.014   0.010   0.010   0.023   0.017   0.014   0.013   0.020   0.026   0.025   0.015   0.024   0.017   0.101   0.193   0.178   0.015   0.014
   0.073   0.097   0.060   0.026   0.020   0.016   0.035   0.018   0.014   0.013   0.014   0.004   0.012   0.014   0.020   0.000   0.070   0.109   0.159   0.094   0.246   0.286   0.127   0.070   0.145   1.000   0.181   0.063   0.042   0.210   0.181   0.005   0.024   0.010   0.023   0.018   0.017   0.022   0.000   0.010   0.018   0.018   0.014   0.012   0.009   0.014   0.018   0.023   0.012   0.016   0.038   0.027   0.022   0.024   0.014   0.019   0.024   0.032   0.012   0.012   0.009   0.013   0.028   0.027   0.020   0.015   0.012   0.021   0.017   0.015   0.019   0.027   0.010   0.009   0.011   0.010   0.014   0.013   0.013   0.000   0.014   0.011   0.013   0.007   0.008   0.017   0.039   0.014   0.088   0.023   0.009   0.054   0.027   0.014   0.020   0.090   0.043   0.030   0.008   0.013   0.043   0.014   0.016   0.021   0.019   0.014   0.025   0.012   0.017   0.012   0.008   0.021   0.014   0.026   0.010   0.012   0.024   0.021   0.023   0.013   0.007   0.009   0.011   0.006   0.009   0.011   0.008   0.021   0.021   0.014   0.008   0.019   0.006   0.010   0.019   0.015   0.017   0.014   0.020   0.018   0.025   0.023   0.015   0.015   0.080   0.121   0.097   0.012   0.011
   0.064   0.122   0.177   0.091   0.049   0.039   0.096   0.050   0.030   0.031   0.018   0.026   0.009   0.012   0.011   0.000   0.047   0.054   0.110   0.083   0.117   0.222   0.198   0.173   0.060   0.181   1.000   0.190   0.109   0.202   0.263   0.011   0.018   0.007   0.015   0.013   0.016   0.013   0.000   0.014   0.011   0.020   0.013   0.020   0.012   0.019   0.010   0.027   0.019   0.020   0.050   0.058   0.044   0.029   0.016   0.016   0.029   0.040   0.022   0.025   0.025   0.017   0.017   0.019   0.016   0.018   0.011   0.013   0.015   0.014   0.018   0.019   0.013   0.012   0.007   0.007   0.007   0.018   0.012   0.000   0.007   0.012   0.012   0.009   0.011   0.011   0.025   0.019   0.043   0.021   0.010   0.036   0.020   0.012   0.016   0.051   0.019   0.020   0.013   0.014   0.022   0.015   0.017   0.017   0.008   0.013   0.017   0.009   0.009   0.019   0.013   0.016   0.019   0.020   0.008   0.013   0.011   0.012   0.014   0.014   0.014   0.009   0.011   0.009   0.008   0.010   0.012   0.019   0.016   0.011   0.005   0.008   0.025   0.014   0.016   0.020   0.023   0.009   0.012   0.009   0.034   0.029   0.013   0.016   0.039   0.054   0.042   0.004   0.022
   0.053   0.092   0.243   0.210   0.125   0.066   0.137   0.108   0.055   0.035   0.025   0.019   0.024   0.014   0.012   0.000   0.031   0.039   0.058   0.069   0.062   0.077   0.121   0.205   0.032   0.063   0.190   1.000   0.257   0.087   0.127   0.017   0.013   0.009   0.005   0.010   0.005   0.010   0.000   0.018   0.014   0.021   0.023   0.041   0.012   0.023   0.013   0.026   0.020   0.034   0.043   0.087   0.103   0.050   0.028   0.021   0.024   0.029   0.024   0.032   0.036   0.021   0.015   0.019   0.019   0.015   0.023   0.014   0.014   0.016   0.018   0.019   0.018   0.011   0.006   0.006   0.011   0.019   0.010   0.000   0.012   0.021   0.021   0.025   0.021   0.019   0.023   0.031   0.016   0.019   0.021   0.019   0.012   0.023   0.015   0.028   0.017   0.019   0.010   0.009   0.023   0.013   0.025   0.027   0.022   0.020   0.023   0.010   0.014   0.019   0.019   0.011   0.023   0.033   0.025   0.012   0.022   0.019   0.018   0.016   0.022   0.019   0.019   0.017   0.014   0.011   0.020   0.008   0.018   0.013   0.013   0.012   0.014   0.019   0.016   0.011   0.017   0.008   0.010   0.016   0.028   0.011   0.025   0.009   0.029   0.029   0.025   0.020   0.017
   0.028   0.065   0.157   0.196   0.173   0.052   0.095   0.090   0.083   0.041   0.038   0.028   0.031   0.024   0.020   0.000   0.052   0.027   0.050   0.071   0.038   0.069   0.112   0.237   0.017   0.042   0.109   0.257   1.000   0.043   0.095   0.009   0.011   0.015   0.013   0.012   0.007   0.030   0.000   0.019   0.021   0.021   0.017   0.047   0.012   0.015   0.012   0.016   0.021   0.037   0.050   0.121   0.215   0.080   0.025   0.023   0.015   0.039   0.034   0.050   0.052   0.024   0.015   0.026   0.019   0.023   0.034   0.013   0.022   0.008   0.019   0.016   0.012   0.015   0.007   0.009   0.018   0.009   0.018   0.000   0.011   0.021   0.021   0.023   0.020   0.012   0.015   0.019   0.013   0.021   0.017   0.015   0.015   0.013   0.017   0.012   0.013   0.013   0.015   0.011   0.017   0.016   0.007   0.014   0.008   0.003   0.015   0.002   0.009   0.013   0.012   0.013   0.019   0.023   0.022   0.011   0.022   0.014   0.014   0.017   0.022   0.021   0.023   0.023   0.020   0.013   0.018   0.006   0.021   0.026   0.016   0.012   0.010   0.006   0.019   0.027   0.011   0.013   0.013   0.022   0.033   0.009   0.018   0.019   0.019   0.020   0.017   0.014   0.026
   0.113   0.138   0.092   0.052   0.017   0.035   0.050   0.028   0.014   0.016   0.015   0.014   0.016   0.016   0.008   0.000   0.044   0.105   0.128   0.073   0.151   0.189   0.113   0.089   0.128   0.210   0.202   0.087   0.043   1.000   0.182   0.012   0.011   0.017   0.011   0.019   0.013   0.011   0.000   0.009   0.016   0.005   0.007   0.008   0.009   0.007   0.007   0.011   0.006   0.004   0.036   0.028   0.020   0.022   0.009   0.011   0.033   0.023   0.014   0.020   0.012   0.012   0.014   0.010   0.017   0.013   0.016   0.012   0.008   0.018   0.011   0.033   0.031   0.020   0.012   0.011   0.022   0.016   0.015   0.000   0.015   0.011   0.008   0.016   0.012   0.014   0.040   0.015   0.078   0.026   0.019   0.046   0.026   0.015   0.018   0.097   0.033   0.031   0.023   0.031   0.031   0.031   0.006   0.011   0.013   0.011   0.020   0.014   0.013   0.008   0.019   0.026   0.006   0.009   0.008   0.007   0.015   0.013   0.011   0.008   0.007   0.010   0.011   0.013   0.005   0.007   0.013   0.020   0.013   0.015   0.004   0.012   0.004   0.027   0.014   0.013   0.016   0.007   0.012   0.007   0.023   0.018   0.028   0.007   0.048   0.091   0.126   0.013   0.009
   0.084   0.152   0.135   0.068   0.030   0.043   0.099   0.032   0.026   0.023   0.021   0.014   0.014   0.012   0.011   0.000   0.032   0.053   0.070   0.059   0.091   0.169   0.121   0.103   0.072   0.181   0.263   0.127   0.095   0.182   1.000   0.024   0.014   0.012   0.010   0.014   0.006   0.014   0.000   0.005   0.013   0.007   0.016   0.011   0.009   0.012   0.011   0.019   0.010   0.014   0.043   0.044   0.047   0.020   0.011   0.018   0.014   0.018   0.019   0.025   0.019   0.016   0.009   0.014   0.012   0.025   0.014   0.006   0.011   0.016   0.019   0.024   0.021   0.016   0.014   0.024   0.018   0.013   0.011   0.000   0.014   0.011   0.012   0.015   0.015   0.015   0.024   0.015   0.044   0.028   0.015   0.033   0.012   0.017   0.020   0.042   0.022   0.011   0.014   0.014   0.028   0.012   0.013   0.021   0.020   0.009   0.014   0.009   0.010   0.016   0.011   0.011   0.019   0.019   0.021   0.019   0.016   0.019   0.012   0.017   0.017   0.010   0.014   0.004   0.018   0.020   0.018   0.013   0.015   0.020   0.014   0.015   0.013   0.014   0.015   0.023   0.016   0.016   0.014   0.006   0.027   0.015   0.022   0.015   0.039   0.049   0.061   0.017   0.017
   0.020   0.010   0.009   0.007   0.015   0.016   0.013   0.018   0.014   0.017   0.022   0.042   0.017   0.029   0.045   0.000   0.019   0.017   0.005   0.004   0.007   0.012   0.014   0.019   0.007   0.005   0.011   0.017   0.009   0.012   0.024   1.000   0.126   0.189   0.066   0.049   0.034   0.025   0.000   0.012   0.012   0.076   0.059   0.037   0.159   0.106   0.199   0.100   0.038   0.028   0.007   0.020   0.012   0.017   0.041   0.082   0.018   0.010   0.016   0.016   0.013   0.033   0.012   0.016   0.016   0.006   0.011   0.004   0.008   0.011   0.006   0.007   0.010   0.018   0.014   0.004   0.016   0.008   0.024   0.000   0.014   0.015   0.034   0.021   0.040   0.055   0.013   0.009   0.022   0.009   0.009   0.013   0.007   0.010   0.012   0.021   0.010   0.007   0.009   0.010   0.011   0.008   0.263   0.108   0.101   0.032   0.044   0.034   0.010   0.022   0.024   0.011   0.064   0.028   0.036   0.134   0.080   0.140   0.067   0.052   0.026   0.008   0.024   0.009   0.014   0.035   0.059   0.011   0.005   0.014   0.010   0.007   0.017   0.009   0.020   0.011   0.004   0.015   0.026   0.015   0.011   0.009   0.010   0.022   0.015   0.011   0.010   0.182   0.017
   0.015   0.006   0.014   0.007   0.020   0.015   0.016   0.022   0.027   0.015   0.023   0.040   0.009   0.024   0.041   0.000   0.017   0.011   0.012   0.015   0.011   0.019   0.013   0.017   0.011   0.024   0.018   0.013   0.011   0.011   0.014   0.126   1.000   0.125   0.206   0.020   0.025   0.035   0.000   0.020   0.015   0.070   0.081   0.060   0.092   0.171   0.228   0.219   0.104   0.042   0.009   0.016   0.007   0.016   0.089   0.237   0.026   0.012   0.011   0.007   0.029   0.092   0.015   0.014   0.016   0.012   0.022   0.012   0.007   0.005   0.013   0.009   0.007   0.029   0.015   0.011   0.021   0.010   0.016   0.000   0.017   0.021   0.035   0.014   0.027   0.035   0.017   0.015   0.007   0.008   0.017   0.015   0.010   0.011   0.015   0.018   0.013   0.008   0.020   0.016   0.014   0.010   0.055   0.030   0.030   0.029   0.024   0.018   0.016   0.013   0.010   0.009   0.036   0.029   0.020   0.051   0.035   0.040   0.034   0.027   0.024   0.008   0.020   0.007   0.016   0.021   0.029   0.020   0.004   0.017   0.014   0.019   0.018   0.016   0.015   0.010   0.006   0.014   0.011   0.006   0.013   0.011   0.013   0.018   0.009   0.010   0.016   0.046   0.017
