


   1.000   0.131   0.032   0.025   0.012   0.072   0.056   0.034   0.011   0.034   0.022   0.014   0.040   0.000   0.011   0.000   0.016   0.026   0.021   0.014   0.042   0.040   0.022   0.018   0.033   0.054   0.038   0.022   0.011   0.105   0.040   0.014   0.014   0.007   0.015   0.012   0.011   0.016   0.000   0.009   0.009   0.006   0.007   0.016   0.006   0.013   0.018   0.015   0.014   0.007   0.013   0.026   0.016   0.011   0.016   0.011   0.014   0.011   0.018   0.015   0.018   0.007   0.009   0.022   0.016   0.013   0.012   0.023   0.015   0.016   0.015   0.074   0.014   0.012   0.012   0.010   0.037   0.017   0.000   0.000   0.009   0.022   0.009   0.025   0.021   0.016   0.026   0.019   0.022   0.032   0.018   0.021   0.000   0.017   0.013   0.022   0.023   0.015   0.012   0.014   0.019   0.024   0.020   0.017   0.016   0.017   0.018   0.022   0.019   0.009   0.016   0.026   0.017   0.010   0.008   0.017   0.020   0.009   0.018   0.010   0.010   0.004   0.012   0.014   0.009   0.012   0.010   0.021   0.012   0.011   0.014   0.009   0.016   0.013   0.011   0.007   0.016   0.000   0.006   0.010   0.011   0.014   0.066   0.017   0.026   0.019   0.055   0.014   0.008
   0.131   1.000   0.076   0.036   0.023   0.105   0.091   0.046   0.028   0.031   0.024   0.016   0.032   0.000   0.016   0.000   0.009   0.015   0.014   0.015   0.031   0.022   0.044   0.016   0.019   0.033   0.049   0.040   0.038   0.049   0.097   0.021   0.018   0.021   0.016   0.021   0.007   0.013   0.000   0.009   0.016   0.018   0.013   0.014   0.016   0.014   0.022   0.024   0.015   0.019   0.026   0.018   0.022   0.012   0.014   0.024   0.008   0.012   0.008   0.023   0.023   0.005   0.006   0.005   0.013   0.025   0.011   0.018   0.009   0.014   0.012   0.044   0.013   0.017   0.011   0.010   0.039   0.018   0.000   0.000   0.006   0.014   0.012   0.017   0.014   0.014   0.022   0.020   0.022   0.011   0.012   0.017   0.000   0.025   0.012   0.022   0.014   0.017   0.009   0.020   0.016   0.025   0.009   0.009   0.019   0.015   0.015   0.022   0.017   0.008   0.022   0.016   0.012   0.011   0.009   0.016   0.012   0.011   0.006   0.006   0.011   0.011   0.024   0.018   0.006   0.012   0.012   0.011   0.014   0.014   0.016   0.008   0.013   0.011   0.011   0.018   0.007   0.000   0.009   0.013   0.010   0.014   0.045   0.015   0.020   0.026   0.045   0.012   0.015
   0.032   0.076   1.000   0.163   0.046   0.036   0.112   0.096   0.055   0.039   0.022   0.017   0.012   0.000   0.016   0.000   0.009   0.010   0.013   0.022   0.030   0.047   0.076   0.060   0.012   0.032   0.084   0.145   0.095   0.028   0.084   0.027   0.019   0.021   0.012   0.015   0.015   0.005   0.000   0.013   0.011   0.007   0.009   0.022   0.018   0.014   0.021   0.023   0.021   0.029   0.046   0.055   0.037   0.031   0.023   0.018   0.016   0.024   0.029   0.019   0.018   0.008   0.017   0.012   0.032   0.024   0.007   0.022   0.009   0.011   0.021   0.011   0.011   0.016   0.015   0.005   0.008   0.014   0.000   0.000   0.014   0.016   0.023   0.021   0.023   0.024   0.008   0.016   0.014   0.013   0.005   0.016   0.000   0.009   0.021   0.008   0.014   0.021   0.015   0.024   0.011   0.013   0.028   0.018   0.014   0.022   0.019   0.024   0.009   0.007   0.012   0.009   0.011   0.020   0.011   0.015   0.022   0.023   0.016   0.012   0.009   0.013   0.024   0.021   0.015   0.014   0.009   0.012   0.015   0.030   0.028   0.015   0.015   0.013   0.028   0.036   0.010   0.000   0.012   0.012   0.019   0.020   0.009   0.020   0.031   0.016   0.019   0.012   0.013
   0.025   0.036   0.163   1.000   0.130   0.043   0.085   0.152   0.092   0.043   0.052   0.013   0.024   0.000   0.024   0.000   0.021   0.010   0.011   0.029   0.028   0.038   0.051   0.060   0.012   0.030   0.060   0.122   0.118   0.026   0.041   0.021   0.011   0.014   0.012   0.010   0.008   0.015   0.000   0.019   0.010   0.014   0.013   0.047   0.009   0.010   0.010   0.014   0.028   0.074   0.041   0.056   0.071   0.052   0.034   0.011   0.014   0.023   0.026   0.022   0.028   0.010   0.011   0.013   0.013   0.023   0.007   0.015   0.014   0.008   0.022   0.013   0.017   0.016   0.018   0.022   0.009   0.016   0.000   0.000   0.011   0.012   0.014   0.020   0.018   0.022   0.019   0.018   0.012   0.014   0.023   0.013   0.000   0.011   0.010   0.009   0.006   0.018   0.013   0.016   0.009   0.014   0.019   0.009   0.014   0.013   0.014   0.017   0.012   0.016   0.011   0.010   0.011   0.026   0.008   0.016   0.018   0.013   0.010   0.004   0.023   0.005   0.024   0.015   0.026   0.015   0.006   0.011   0.016   0.041   0.028   0.019   0.016   0.010   0.021   0.028   0.024   0.000   0.013   0.009   0.018   0.016   0.014   0.023   0.017   0.023   0.022   0.014   0.005
   0.012   0.023   0.046   0.130   1.000   0.024   0.045   0.109   0.156   0.029   0.035   0.024   0.011   0.000   0.013   0.000   0.024   0.010   0.009   0.020   0.014   0.026   0.036   0.049   0.021   0.026   0.025   0.072   0.138   0.017   0.029   0.019   0.021   0.010   0.015   0.014   0.011   0.010   0.000   0.005   0.006   0.016   0.021   0.050   0.011   0.007   0.017   0.009   0.028   0.116   0.025   0.082   0.164   0.125   0.046   0.014   0.022   0.021   0.031   0.048   0.046   0.018   0.007   0.028   0.021   0.029   0.007   0.010   0.020   0.011   0.019   0.010   0.017   0.016   0.018   0.025   0.010   0.012   0.000   0.000   0.013   0.021   0.015   0.015   0.018   0.018   0.024   0.020   0.012   0.007   0.012   0.013   0.000   0.018   0.013   0.010   0.014   0.021   0.016   0.021   0.011   0.023   0.023   0.014   0.018   0.012   0.022   0.023   0.020   0.020   0.024   0.023   0.013   0.014   0.017   0.014   0.019   0.023   0.009   0.008   0.022   0.014   0.020   0.022   0.012   0.012   0.005   0.011   0.012   0.023   0.022   0.031   0.016   0.017   0.021   0.028   0.026   0.000   0.007   0.008   0.012   0.025   0.016   0.007   0.010   0.015   0.011   0.013   0.008
   0.072   0.105   0.036   0.043   0.024   1.000   0.088   0.074   0.025   0.067   0.036   0.022   0.074   0.000   0.011   0.000   0.019   0.020   0.018   0.006   0.014   0.015   0.018   0.016   0.015   0.025   0.016   0.016   0.026   0.025   0.031   0.010   0.011   0.006   0.004   0.013   0.019   0.008   0.000   0.020   0.005   0.018   0.023   0.032   0.011   0.021   0.014   0.019   0.023   0.029   0.009   0.024   0.014   0.012   0.010   0.016   0.007   0.012   0.014   0.018   0.011   0.007   0.013   0.011   0.018   0.007   0.009   0.012   0.011   0.015   0.017   0.044   0.014   0.011   0.010   0.007   0.037   0.020   0.000   0.000   0.018   0.018   0.009   0.025   0.015   0.013   0.019   0.011   0.015   0.007   0.012   0.017   0.000   0.008   0.004   0.010   0.010   0.012   0.010   0.012   0.010   0.022   0.013   0.009   0.030   0.007   0.014   0.020   0.015   0.016   0.010   0.017   0.020   0.015   0.007   0.026   0.018   0.008   0.014   0.004   0.012   0.005   0.017   0.007   0.013   0.009   0.010   0.005   0.012   0.009   0.014   0.007   0.010   0.014   0.011   0.006   0.020   0.000   0.020   0.016   0.013   0.006   0.107   0.029   0.019   0.015   0.017   0.015   0.009
   0.056   0.091   0.112   0.085   0.045   0.088   1.000   0.081   0.036   0.067   0.034   0.013   0.037   0.000   0.009   0.000   0.010   0.009   0.007   0.015   0.016   0.033   0.024   0.023   0.012   0.016   0.035   0.056   0.043   0.035   0.048   0.017   0.010   0.016   0.007   0.009   0.016   0.012   0.000   0.025   0.012   0.017   0.019   0.033   0.004   0.008   0.016   0.020   0.018   0.027   0.021   0.021   0.024   0.023   0.012   0.014   0.012   0.014   0.012   0.015   0.019   0.014   0.007   0.011   0.022   0.010   0.007   0.010   0.018   0.026   0.018   0.018   0.010   0.009   0.019   0.014   0.017   0.018   0.000   0.000   0.014   0.007   0.011   0.019   0.013   0.015   0.021   0.015   0.013   0.016   0.012   0.022   0.000   0.010   0.015   0.016   0.012   0.018   0.021   0.024   0.007   0.008   0.016   0.010   0.006   0.013   0.014   0.020   0.022   0.007   0.007   0.030   0.012   0.012   0.009   0.012   0.014   0.007   0.011   0.009   0.007   0.011   0.016   0.014   0.006   0.016   0.014   0.008   0.014   0.026   0.022   0.014   0.020   0.018   0.014   0.016   0.008   0.000   0.006   0.009   0.015   0.009   0.030   0.014   0.009   0.007   0.014   0.014   0.009
   0.034   0.046   0.096   0.152   0.109   0.074   0.081   1.000   0.121   0.074   0.089   0.026   0.030   0.000   0.011   0.000   0.020   0.010   0.010   0.007   0.014   0.015   0.033   0.023   0.011   0.017   0.016   0.051   0.064   0.025   0.020   0.010   0.013   0.015   0.014   0.009   0.017   0.008   0.000   0.015   0.011   0.011   0.013   0.055   0.023   0.015   0.013   0.014   0.032   0.074   0.021   0.031   0.031   0.038   0.018   0.012   0.018   0.017   0.014   0.016   0.011   0.011   0.012   0.012   0.008   0.012   0.009   0.012   0.015   0.018   0.017   0.009   0.016   0.016   0.016   0.008   0.009   0.016   0.000   0.000   0.011   0.012   0.021   0.018   0.012   0.007   0.004   0.011   0.018   0.007   0.014   0.011   0.000   0.006   0.009   0.003   0.004   0.016   0.010   0.006   0.013   0.026   0.018   0.015   0.015   0.020   0.014   0.009   0.015   0.012   0.012   0.012   0.007   0.009   0.010   0.026   0.016   0.019   0.018   0.008   0.019   0.007   0.025   0.012   0.008   0.008   0.015   0.015   0.021   0.025   0.023   0.019   0.014   0.015   0.020   0.015   0.018   0.000   0.005   0.011   0.009   0.015   0.023   0.012   0.004   0.016   0.027   0.006   0.017
   0.011   0.028   0.055   0.092   0.156   0.025   0.036   0.121   1.000   0.038   0.083   0.033   0.026   0.000   0.017   0.000   0.018   0.004   0.013   0.015   0.016   0.010   0.024   0.033   0.007   0.008   0.015   0.039   0.058   0.007   0.026   0.012   0.011   0.010   0.014   0.008   0.004   0.022   0.000   0.015   0.007   0.012   0.027   0.079   0.011   0.012   0.021   0.013   0.045   0.142   0.020   0.049   0.056   0.094   0.048   0.020   0.018   0.016   0.030   0.036   0.042   0.030   0.015   0.023   0.013   0.021   0.036   0.019   0.013   0.011   0.015   0.015   0.018   0.007   0.014   0.008   0.026   0.015   0.000   0.000   0.013   0.018   0.009   0.021   0.006   0.020   0.019   0.016   0.011   0.012   0.008   0.014   0.000   0.018   0.014   0.013   0.011   0.011   0.013   0.009   0.015   0.014   0.015   0.010   0.007   0.011   0.016   0.012   0.011   0.015   0.011   0.011   0.016   0.012   0.020   0.020   0.019   0.017   0.008   0.013   0.022   0.009   0.025   0.016   0.017   0.016   0.012   0.015   0.013   0.031   0.027   0.029   0.008   0.012   0.018   0.018   0.016   0.000   0.007   0.012   0.025   0.014   0.019   0.021   0.008   0.005   0.018   0.016   0.017
   0.034   0.031   0.039   0.043   0.029   0.067   0.067   0.074   0.038   1.000   0.088   0.030   0.071   0.000   0.023   0.000   0.009   0.018   0.015   0.018   0.028   0.023   0.010   0.021   0.018   0.010   0.014   0.026   0.023   0.024   0.011   0.018   0.012   0.013   0.006   0.008   0.011   0.009   0.000   0.019   0.007   0.021   0.019   0.054   0.009   0.017   0.013   0.024   0.031   0.021   0.011   0.013   0.016   0.015   0.017   0.017   0.023   0.013   0.009   0.011   0.015   0.013   0.022   0.012   0.019   0.015   0.017   0.008   0.007   0.010   0.012   0.026   0.010   0.009   0.010   0.010   0.019   0.009   0.000   0.000   0.021   0.007   0.007   0.024   0.015   0.013   0.010   0.014   0.013   0.011   0.007   0.012   0.000   0.014   0.009   0.012   0.011   0.009   0.014   0.014   0.009   0.021   0.021   0.013   0.018   0.014   0.018   0.012   0.006   0.014   0.005   0.016   0.017   0.013   0.011   0.021   0.010   0.007   0.012   0.007   0.010   0.014   0.009   0.012   0.009   0.008   0.006   0.009   0.008   0.011   0.004   0.004   0.006   0.016   0.008   0.011   0.012   0.000   0.009   0.012   0.012   0.013   0.037   0.033   0.013   0.008   0.018   0.013   0.018
   0.022   0.024   0.022   0.052   0.035   0.036   0.034   0.089   0.083   0.088   1.000   0.042   0.044   0.000   0.027   0.000   0.008   0.016   0.009   0.019   0.017   0.013   0.016   0.029   0.009   0.010   0.016   0.027   0.019   0.010   0.010   0.014   0.013   0.013   0.009   0.006   0.010   0.012   0.000   0.011   0.014   0.030   0.050   0.078   0.010   0.013   0.010   0.017   0.047   0.056   0.016   0.023   0.013   0.017   0.017   0.039   0.015   0.017   0.017   0.019   0.011   0.009   0.021   0.013   0.011   0.008   0.013   0.012   0.013   0.011   0.022   0.027   0.013   0.015   0.013   0.019   0.012   0.021   0.000   0.000   0.010   0.007   0.015   0.018   0.013   0.018   0.013   0.016   0.011   0.007   0.012   0.011   0.000   0.009   0.011   0.016   0.011   0.011   0.009   0.015   0.013   0.010   0.006   0.013   0.020   0.015   0.020   0.014   0.010   0.013   0.015   0.013   0.011   0.017   0.011   0.013   0.015   0.007   0.009   0.010   0.022   0.007   0.015   0.015   0.019   0.012   0.008   0.014   0.014   0.019   0.020   0.013   0.015   0.014   0.017   0.019   0.011   0.000   0.012   0.015   0.011   0.019   0.023   0.028   0.004   0.007   0.021   0.011   0.015
   0.014   0.016   0.017   0.013   0.024   0.022   0.013   0.026   0.033   0.030   0.042   1.000   0.043   0.000   0.069   0.000   0.024   0.010   0.023   0.013   0.009   0.014   0.019   0.009   0.013   0.016   0.016   0.012   0.009   0.012   0.012   0.012   0.018   0.016   0.022   0.012   0.012   0.014   0.000   0.009   0.015   0.070   0.073   0.066   0.036   0.056   0.019   0.033   0.054   0.021   0.013   0.010   0.008   0.010   0.028   0.015   0.011   0.013   0.017   0.015   0.014   0.013   0.016   0.015   0.012   0.020   0.013   0.008   0.008   0.007   0.016   0.010   0.013   0.013   0.013   0.008   0.014   0.010   0.000   0.000   0.010   0.009   0.021   0.023   0.011   0.033   0.011   0.015   0.010   0.014   0.010   0.019   0.000   0.010   0.016   0.010   0.010   0.008   0.015   0.011   0.011   0.015   0.009   0.015   0.009   0.010   0.008   0.014   0.011   0.012   0.008   0.013   0.017   0.007   0.008   0.023   0.013   0.013   0.015   0.007   0.007   0.014   0.024   0.012   0.004   0.004   0.004   0.009   0.020   0.013   0.018   0.005   0.008   0.007   0.018   0.016   0.014   0.000   0.006   0.012   0.009   0.010   0.022   0.051   0.008   0.010   0.013   0.015   0.019
   0.040   0.032   0.012   0.024   0.011   0.074   0.037   0.030   0.026   0.071   0.044   0.043   1.000   0.000   0.027   0.000   0.011   0.011   0.022   0.014   0.009   0.014   0.007   0.018   0.016   0.012   0.024   0.019   0.009   0.017   0.021   0.013   0.013   0.008   0.012   0.010   0.009   0.020   0.000   0.013   0.012   0.038   0.016   0.029   0.017   0.025   0.012   0.013   0.026   0.018   0.005   0.012   0.010   0.016   0.012   0.016   0.006   0.010   0.009   0.012   0.017   0.013   0.028   0.014   0.020   0.010   0.023   0.013   0.021   0.012   0.020   0.039   0.016   0.017   0.010   0.009   0.035   0.027   0.000   0.000   0.036   0.016   0.015   0.089   0.028   0.023   0.007   0.015   0.012   0.014   0.012   0.010   0.000   0.005   0.007   0.019   0.011   0.011   0.011   0.015   0.012   0.014   0.011   0.018   0.011   0.016   0.018   0.019   0.016   0.020   0.014   0.009   0.028   0.011   0.019   0.023   0.007   0.005   0.008   0.016   0.007   0.013   0.019   0.012   0.003   0.014   0.014   0.011   0.021   0.013   0.009   0.003   0.009   0.014   0.017   0.006   0.014   0.000   0.009   0.017   0.026   0.016   0.082   0.073   0.025   0.015   0.022   0.019   0.015
   0.000   0.000   0.000   0.000   0.000   0.000   0.000   0.000   0.000   0.000   0.000   0.000   0.000   0.000   0.000   0.000   0.000   0.000   0.000   0.000   0.000   0.000   0.000   0.000   0.000   0.000   0.000   0.000   0.000   0.000   0.000   0.000   0.000   0.000   0.000   0.000   0.000   0.000   0.000   0.000   0.000   0.000   0.000   0.000   0.000   0.000   0.000   0.000   0.000   0.000   0.000   0.000   0.000   0.000   0.000   0.000   0.000   0.000   0.000   0.000   0.000   0.000   0.000   0.000   0.000   0.000   0.000   0.000   0.000   0.000   0.000   0.000   0.000   0.000   0.000   0.000   0.000   0.000   0.000   0.000   0.000   0.000   0.000   0.000   0.000   0.000   0.000   0.000   0.000   0.000   0.000   0.000   0.000   0.000   0.000   0.000   0.000   0.000   0.000   0.000   0.000   0.000   0.000   0.000   0.000   0.000   0.000   0.000   0.000   0.000   0.000   0.000   0.000   0.000   0.000   0.000   0.000   0.000   0.000   0.000   0.000   0.000   0.000   0.000   0.000   0.000   0.000   0.000   0.000   0.000   0.000   0.000   0.000   0.000   0.000   0.000   0.000   0.000   0.000   0.000   0.000   0.000   0.000   0.000   0.000   0.000   0.000   0.000   0.000
   0.011   0.016   0.016   0.024   0.013   0.011   0.009   0.011   0.017   0.023   0.027   0.069   0.027   0.000   1.000   0.000   0.018   0.013   0.013   0.009   0.020   0.014   0.012   0.006   0.011   0.014   0.009   0.011   0.023   0.012   0.011   0.018   0.012   0.026   0.016   0.014   0.025   0.013   0.000   0.019   0.011   0.077   0.014   0.032   0.047   0.037   0.023   0.014   0.016   0.014   0.011   0.020   0.018   0.011   0.021   0.013   0.022   0.022   0.018   0.025   0.006   0.005   0.022   0.016   0.016   0.028   0.018   0.022   0.017   0.025   0.017   0.013   0.019   0.008   0.015   0.009   0.029   0.011   0.000   0.000   0.017   0.022   0.024   0.043   0.032   0.076   0.014   0.009   0.020   0.017   0.011   0.011   0.000   0.021   0.014   0.026   0.017   0.010   0.009   0.008   0.009   0.019   0.016   0.032   0.021   0.022   0.013   0.012   0.007   0.007   0.012   0.018   0.031   0.028   0.012   0.058   0.040   0.038   0.019   0.013   0.008   0.011   0.010   0.007   0.010   0.014   0.009   0.008   0.016   0.017   0.008   0.007   0.008   0.009   0.008   0.014   0.015   0.000   0.011   0.019   0.009   0.010   0.023   0.066   0.015   0.020   0.012   0.026   0.015
   0.000   0.000   0.000   0.000   0.000   0.000   0.000   0.000   0.000   0.000   0.000   0.000   0.000   0.000   0.000   0.000   0.000   0.000   0.000   0.000   0.000   0.000   0.000   0.000   0.000   0.000   0.000   0.000   0.000   0.000   0.000   0.000   0.000   0.000   0.000   0.000   0.000   0.000   0.000   0.000   0.000   0.000   0.000   0.000   0.000   0.000   0.000   0.000   0.000   0.000   0.000   0.000   0.000   0.000   0.000   0.000   0.000   0.000   0.000   0.000   0.000   0.000   0.000   0.000   0.000   0.000   0.000   0.000   0.000   0.000   0.000   0.000   0.000   0.000   0.000   0.000   0.000   0.000   0.000   0.000   0.000   0.000   0.000   0.000   0.000   0.000   0.000   0.000   0.000   0.000   0.000   0.000   0.000   0.000   0.000   0.000   0.000   0.000   0.000   0.000   0.000   0.000   0.000   0.000   0.000   0.000   0.000   0.000   0.000   0.000   0.000   0.000   0.000   0.000   0.000   0.000   0.000   0.000   0.000   0.000   0.000   0.000   0.000   0.000   0.000   0.000   0.000   0.000   0.000   0.000   0.000   0.000   0.000   0.000   0.000   0.000   0.000   0.000   0.000   0.000   0.000   0.000   0.000   0.000   0.000   0.000   0.000   0.000   0.000
   0.016   0.009   0.009   0.021   0.024   0.019   0.010   0.020   0.018   0.009   0.008   0.024   0.011   0.000   0.018   0.000   1.000   0.055   0.081   0.113   0.059   0.059   0.049   0.036   0.027   0.030   0.043   0.033   0.025   0.015   0.014   0.016   0.024   0.020   0.026   0.026   0.012   0.013   0.000   0.010   0.004   0.012   0.036   0.020   0.019   0.015   0.018   0.025   0.025   0.013   0.108   0.024   0.020   0.022   0.023   0.018   0.069   0.034   0.015   0.020   0.016   0.020   0.037   0.028   0.017   0.010   0.009   0.032   0.022   0.018   0.011   0.014   0.013   0.011   0.019   0.012   0.013   0.020   0.000   0.000   0.011   0.026   0.025   0.015   0.041   0.029   0.012   0.018   0.012   0.018   0.019   0.017   0.000   0.024   0.019   0.018   0.021   0.021   0.013   0.017   0.018   0.022   0.008   0.019   0.016   0.010   0.014   0.026   0.024   0.015   0.009   0.012   0.025   0.025   0.018   0.025   0.012   0.011   0.018   0.021   0.014   0.024   0.006   0.016   0.020   0.019   0.022   0.014   0.009   0.007   0.013   0.026   0.019   0.014   0.009   0.010   0.021   0.000   0.021   0.018   0.017   0.030   0.023   0.025   0.041   0.022   0.022   0.017   0.018
   0.026   0.015   0.010   0.010   0.010   0.020   0.009   0.010   0.004   0.018   0.016   0.010   0.011   0.000   0.013   0.000   0.055   1.000   0.104   0.048   0.087   0.052   0.032   0.013   0.057   0.056   0.022   0.014   0.018   0.041   0.021   0.018   0.022   0.016   0.018   0.026   0.013   0.014   0.000   0.010   0.008   0.010   0.011   0.003   0.025   0.015   0.015   0.027   0.018   0.017   0.026   0.018   0.020   0.017   0.018   0.026   0.024   0.008   0.015   0.014   0.014   0.023   0.015   0.016   0.009   0.010   0.011   0.010   0.018   0.012   0.012   0.033   0.017   0.013   0.010   0.010   0.008   0.012   0.000   0.000   0.011   0.017   0.022   0.012   0.015   0.017   0.080   0.041   0.112   0.063   0.023   0.059   0.000   0.015   0.011   0.076   0.033   0.026   0.010   0.011   0.037   0.018   0.020   0.023   0.021   0.021   0.031   0.019   0.017   0.016   0.020   0.015   0.016   0.020   0.019   0.021   0.021   0.016   0.008   0.016   0.014   0.012   0.007   0.013   0.020   0.030   0.021   0.031   0.008   0.008   0.014   0.012   0.025   0.010   0.014   0.015   0.007   0.000   0.013   0.019   0.010   0.007   0.019   0.008   0.066   0.146   0.036   0.016   0.019
   0.021   0.014   0.013   0.011   0.009   0.018   0.007   0.010   0.013   0.015   0.009   0.023   0.022   0.000   0.013   0.000   0.081   0.104   1.000   0.102   0.113   0.130   0.060   0.026   0.073   0.089   0.050   0.012   0.027   0.045   0.019   0.010   0.023   0.011   0.025   0.017   0.020   0.012   0.000   0.009   0.014   0.015   0.010   0.015   0.029   0.022   0.028   0.009   0.018   0.015   0.056   0.007   0.016   0.024   0.011   0.015   0.022   0.022   0.010   0.016   0.011   0.019   0.020   0.016   0.007   0.008   0.012   0.013   0.010   0.012   0.011   0.022   0.013   0.019   0.016   0.005   0.009   0.009   0.000   0.000   0.012   0.018   0.012   0.020   0.011   0.025   0.017   0.015   0.054   0.027   0.013   0.028   0.000   0.016   0.014   0.035   0.018   0.013   0.009   0.010   0.034   0.020   0.013   0.015   0.022   0.017   0.015   0.021   0.016   0.011   0.009   0.016   0.022   0.023   0.020   0.016   0.025   0.015   0.023   0.019   0.020   0.007   0.012   0.015   0.009   0.022   0.027   0.006   0.007   0.011   0.008   0.012   0.013   0.007   0.008   0.007   0.018   0.000   0.012   0.018   0.009   0.019   0.017   0.010   0.068   0.063   0.035   0.011   0.018
   0.014   0.015   0.022   0.029   0.020   0.006   0.015   0.007   0.015   0.018   0.019   0.013   0.014   0.000   0.009   0.000   0.113   0.048   0.102   1.000   0.060   0.096   0.089   0.065   0.048   0.074   0.068   0.040   0.033   0.038   0.039   0.013   0.010   0.022   0.015   0.019   0.010   0.018   0.000   0.021   0.021   0.018   0.012   0.011   0.020   0.016   0.013   0.009   0.023   0.015   0.121   0.023   0.027   0.017   0.019   0.009   0.051   0.061   0.022   0.017   0.016   0.011   0.028   0.026   0.026   0.015   0.013   0.018   0.017   0.027   0.021   0.020   0.005   0.015   0.017   0.015   0.005   0.011   0.000   0.000   0.016   0.028   0.009   0.004   0.012   0.013   0.018   0.015   0.022   0.015   0.013   0.019   0.000   0.015   0.018   0.019   0.011   0.016   0.033   0.015   0.015   0.018   0.021   0.013   0.013   0.019   0.019   0.027   0.022   0.011   0.025   0.021   0.011   0.015   0.010   0.022   0.017   0.014   0.023   0.005   0.011   0.011   0.016   0.009   0.021   0.012   0.013   0.008   0.010   0.014   0.019   0.015   0.007   0.017   0.020   0.014   0.034   0.000   0.015   0.020   0.015   0.022   0.029   0.015   0.033   0.024   0.034   0.013   0.014
   0.042   0.031   0.030   0.028   0.014   0.014   0.016   0.014   0.016   0.028   0.017   0.009   0.009   0.000   0.020   0.000   0.059   0.087   0.113   0.060   1.000   0.116   0.055   0.013   0.113   0.130   0.049   0.029   0.018   0.051   0.045   0.015   0.022   0.019   0.021   0.011   0.019   0.017   0.000   0.008   0.013   0.021   0.012   0.014   0.019   0.018   0.030   0.024   0.019   0.014   0.037   0.014   0.016   0.022   0.014   0.009   0.020   0.009   0.007   0.011   0.019   0.022   0.009   0.011   0.012   0.013   0.015   0.013   0.021   0.017   0.015   0.028   0.007   0.035   0.017   0.012   0.021   0.009   0.000   0.000   0.016   0.035   0.024   0.014   0.022   0.018   0.024   0.013   0.053   0.029   0.008   0.025   0.000   0.014   0.017   0.050   0.015   0.013   0.018   0.019   0.025   0.013   0.014   0.017   0.020   0.015   0.012   0.016   0.010   0.015   0.009   0.021   0.020   0.023   0.019   0.019   0.013   0.016   0.007   0.018   0.034   0.011   0.004   0.012   0.012   0.020   0.017   0.016   0.012   0.012   0.009   0.012   0.009   0.016   0.008   0.014   0.015   0.000   0.017   0.015   0.012   0.032   0.010   0.014   0.053   0.087   0.074   0.012   0.014
   0.040   0.022   0.047   0.038   0.026   0.015   0.033   0.015   0.010   0.023   0.013   0.014   0.014   0.000   0.014   0.000   0.059   0.052   0.130   0.096   0.116   1.000   0.098   0.067   0.084   0.175   0.114   0.054   0.035   0.061   0.072   0.013   0.022   0.014   0.021   0.018   0.010   0.009   0.000   0.016   0.012   0.012   0.015   0.017   0.030   0.011   0.027   0.016   0.017   0.009   0.073   0.038   0.027   0.026   0.010   0.010   0.040   0.031   0.020   0.018   0.015   0.012   0.018   0.016   0.023   0.007   0.012   0.009   0.021   0.011   0.010   0.036   0.013   0.018   0.025   0.013   0.026   0.009   0.000   0.000   0.014   0.023   0.015   0.026   0.015   0.022   0.018   0.014   0.036   0.012   0.010   0.022   0.000   0.018   0.015   0.030   0.014   0.016   0.018   0.024   0.023   0.012   0.028   0.026   0.016   0.020   0.021   0.019   0.031   0.015   0.010   0.013   0.032   0.028   0.010   0.034   0.032   0.016   0.018   0.011   0.009   0.016   0.024   0.027   0.009   0.016   0.024   0.018   0.018   0.019   0.017   0.020   0.022   0.014   0.010   0.009   0.018   0.000   0.003   0.010   0.022   0.026   0.015   0.011   0.071   0.060   0.048   0.017   0.009
   0.022   0.044   0.076   0.051   0.036   0.018   0.024   0.033   0.024   0.010   0.016   0.019   0.007   0.000   0.012   0.000   0.049   0.032   0.060   0.089   0.055   0.098   1.000   0.125   0.027   0.087   0.106   0.101   0.058   0.040   0.062   0.014   0.011   0.015   0.007   0.015   0.021   0.018   0.000   0.007   0.013   0.006   0.011   0.016   0.012   0.016   0.013   0.010   0.020   0.027   0.117   0.039   0.023   0.021   0.019   0.007   0.033   0.023   0.021   0.025   0.016   0.012   0.016   0.010   0.016   0.015   0.009   0.022   0.016   0.010   0.016   0.021   0.011   0.009   0.016   0.017   0.011   0.014   0.000   0.000   0.013   0.014   0.007   0.011   0.019   0.012   0.013   0.017   0.014   0.021   0.008   0.013   0.000   0.015   0.010   0.013   0.011   0.013   0.016   0.010   0.011   0.007   0.021   0.018   0.023   0.016   0.019   0.029   0.009   0.013   0.024   0.035   0.012   0.022   0.005   0.012   0.019   0.031   0.011   0.005   0.007   0.017   0.022   0.026   0.007   0.006   0.014   0.022   0.021   0.041   0.037   0.018   0.013   0.022   0.041   0.036   0.027   0.000   0.011   0.024   0.011   0.022   0.013   0.014   0.035   0.027   0.032   0.025   0.012
   0.018   0.016   0.060   0.060   0.049   0.016   0.023   0.023   0.033   0.021   0.029   0.009   0.018   0.000   0.006   0.000   0.036   0.013   0.026   0.065   0.013   0.067   0.125   1.000   0.024   0.040   0.075   0.142   0.132   0.027   0.048   0.014   0.013   0.012   0.012   0.011   0.010   0.015   0.000   0.012   0.008   0.016   0.017   0.019   0.015   0.014   0.015   0.013   0.021   0.020   0.103   0.121   0.066   0.038   0.012   0.013   0.025   0.045   0.043   0.017   0.010   0.009   0.015   0.025   0.013   0.016   0.013   0.017   0.009   0.004   0.017   0.015   0.012   0.011   0.015   0.011   0.014   0.010   0.000   0.000   0.008   0.013   0.015   0.010   0.015   0.019   0.009   0.017   0.014   0.012   0.011   0.009   0.000   0.024   0.015   0.013   0.024   0.026   0.017   0.017   0.012   0.014   0.019   0.015   0.015   0.010   0.019   0.026   0.008   0.021   0.016   0.018   0.007   0.021   0.018   0.014   0.019   0.018   0.008   0.017   0.021   0.014   0.021   0.015   0.004   0.010   0.012   0.019   0.024   0.018   0.020   0.020   0.015   0.026   0.010   0.016   0.014   0.000   0.014   0.019   0.013   0.016   0.014   0.012   0.015   0.009   0.019   0.011   0.007
   0.033   0.019   0.012   0.012   0.021   0.015   0.012   0.011   0.007   0.018   0.009   0.013   0.016   0.000   0.011   0.000   0.027   0.057   0.073   0.048   0.113   0.084   0.027   0.024   1.000   0.080   0.032   0.011   0.008   0.064   0.019   0.010   0.030   0.020   0.014   0.011   0.020   0.015   0.000   0.010   0.009   0.010   0.014   0.010   0.028   0.015   0.023   0.009   0.006   0.013   0.018   0.009   0.011   0.016   0.010   0.018   0.023   0.012   0.012   0.010   0.014   0.012   0.016   0.016   0.016   0.010   0.009   0.015   0.023   0.008   0.009   0.041   0.016   0.011   0.016   0.015   0.037   0.004   0.000   0.000   0.017   0.024   0.021   0.010   0.023   0.022   0.021   0.005   0.034   0.031   0.012   0.037   0.000   0.013   0.013   0.069   0.024   0.008   0.011   0.018   0.028   0.023   0.018   0.022   0.014   0.027   0.013   0.017   0.013   0.009   0.017   0.017   0.036   0.018   0.013   0.020   0.026   0.029   0.023   0.012   0.026   0.011   0.021   0.014   0.006   0.014   0.020   0.008   0.011   0.023   0.007   0.005   0.015   0.013   0.020   0.006   0.012   0.000   0.017   0.017   0.003   0.015   0.009   0.015   0.034   0.111   0.068   0.020   0.010
   0.054   0.033   0.032   0.030   0.026   0.025   0.016   0.017   0.008   0.010   0.010   0.016   0.012   0.000   0.014   0.000   0.030   0.056   0.089   0.074   0.130   0.175   0.087   0.040   0.080   1.000   0.095   0.052   0.034   0.122   0.096   0.010   0.024   0.020   0.013   0.029   0.024   0.027   0.000   0.028   0.012   0.008   0.011   0.015   0.021   0.016   0.024   0.014   0.018   0.016   0.049   0.034   0.029   0.021   0.020   0.019   0.032   0.032   0.015   0.020   0.023   0.007   0.018   0.016   0.015   0.008   0.019   0.014   0.012   0.009   0.003   0.025   0.010   0.026   0.026   0.015   0.017   0.013   0.000   0.000   0.012   0.017   0.017   0.019   0.019   0.020   0.011   0.018   0.035   0.021   0.011   0.028   0.000   0.028   0.026   0.031   0.023   0.017   0.023   0.026   0.021   0.016   0.026   0.021   0.020   0.019   0.020   0.028   0.016   0.012   0.021   0.029   0.020   0.015   0.016   0.017   0.024   0.014   0.015   0.019   0.016   0.006   0.027   0.011   0.027   0.020   0.015   0.016   0.016   0.014   0.016   0.009   0.016   0.013   0.027   0.016   0.023   0.000   0.008   0.022   0.019   0.015   0.016   0.009   0.037   0.053   0.066   0.014   0.009
   0.038   0.049   0.084   0.060   0.025   0.016   0.035   0.016   0.015   0.014   0.016   0.016   0.024   0.000   0.009   0.000   0.043   0.022   0.050   0.068   0.049   0.114   0.106   0.075   0.032   0.095   1.000   0.127   0.060   0.051   0.112   0.012   0.020   0.017   0.017   0.008   0.010   0.015   0.000   0.007   0.002   0.007   0.009   0.015   0.017   0.006   0.012   0.011   0.019   0.027   0.068   0.030   0.013   0.024   0.014   0.015   0.019   0.018   0.007   0.017   0.015   0.003   0.013   0.013   0.018   0.010   0.004   0.013   0.013   0.018   0.009   0.023   0.023   0.025   0.019   0.013   0.009   0.013   0.000   0.000   0.014   0.020   0.016   0.016   0.020   0.026   0.012   0.028   0.020   0.012   0.017   0.015   0.000   0.016   0.027   0.014   0.013   0.015   0.019   0.019   0.011   0.011   0.021   0.016   0.007   0.029   0.011   0.020   0.013   0.011   0.020   0.021   0.012   0.027   0.016   0.009   0.018   0.013   0.017   0.014   0.012   0.024   0.021   0.016   0.011   0.016   0.017   0.018   0.012   0.032   0.019   0.012   0.017   0.013   0.014   0.018   0.020   0.000   0.009   0.025   0.018   0.022   0.009   0.009   0.024   0.026   0.036   0.012   0.011
   0.022   0.040   0.145   0.122   0.072   0.016   0.056   0.051   0.039   0.026   0.027   0.012   0.019   0.000   0.011   0.000   0.033   0.014   0.012   0.040   0.029   0.054   0.101   0.142   0.011   0.052   0.127   1.000   0.144   0.029   0.061   0.017   0.020   0.018   0.016   0.021   0.008   0.016   0.000   0.018   0.010   0.017   0.019   0.034   0.014   0.012   0.022   0.024   0.025   0.048   0.057   0.082   0.067   0.040   0.020   0.015   0.020   0.026   0.027   0.020   0.017   0.019   0.018   0.019   0.019   0.013   0.007   0.022   0.014   0.004   0.012   0.011   0.013   0.021   0.010   0.009   0.022   0.012   0.000   0.000   0.015   0.010   0.015   0.018   0.023   0.022   0.011   0.032   0.009   0.008   0.013   0.007   0.000   0.022   0.013   0.008   0.022   0.015   0.012   0.021   0.006   0.015   0.022   0.014   0.011   0.012   0.015   0.023   0.009   0.021   0.019   0.026   0.012   0.021   0.012   0.014   0.018   0.019   0.016   0.017   0.016   0.012   0.010   0.020   0.013   0.021   0.021   0.015   0.010   0.026   0.017   0.012   0.020   0.016   0.021   0.016   0.015   0.000   0.010   0.019   0.022   0.020   0.013   0.021   0.017   0.010   0.019   0.012   0.004
   0.011   0.038   0.095   0.118   0.138   0.026   0.043   0.064   0.058   0.023   0.019   0.009   0.009   0.000   0.023   0.000   0.025   0.018   0.027   0.033   0.018   0.035   0.058   0.132   0.008   0.034   0.060   0.144   1.000   0.035   0.049   0.038   0.022   0.017   0.017   0.011   0.010   0.011   0.000   0.015   0.016   0.014   0.024   0.036   0.011   0.023   0.019   0.015   0.034   0.054   0.048   0.153   0.155   0.060   0.027   0.010   0.022   0.028   0.048   0.045   0.021   0.026   0.016   0.017   0.017   0.022   0.012   0.008   0.011   0.007   0.017   0.007   0.009   0.020   0.026   0.017   0.014   0.015   0.000   0.000   0.008   0.019   0.011   0.016   0.022   0.019   0.006   0.020   0.022   0.021   0.014   0.010   0.000   0.014   0.020   0.011   0.012   0.020   0.010   0.029   0.006   0.018   0.027   0.014   0.017   0.020   0.017   0.027   0.013   0.014   0.013   0.026   0.011   0.040   0.010   0.025   0.016   0.016   0.012   0.009   0.012   0.011   0.022   0.024   0.011   0.015   0.008   0.015   0.008   0.028   0.015   0.023   0.012   0.021   0.018   0.029   0.014   0.000   0.012   0.014   0.012   0.016   0.016   0.012   0.014   0.009   0.009   0.009   0.010
   0.105   0.049   0.028   0.026   0.017   0.025   0.035   0.025   0.007   0.024   0.010   0.012   0.017   0.000   0.012   0.000   0.015   0.041   0.045   0.038   0.051   0.061   0.040   0.027   0.064   0.122   0.051   0.029   0.035   1.000   0.082   0.010   0.028   0.020   0.024   0.015   0.019   0.015   0.000   0.019   0.008   0.009   0.010   0.006   0.010   0.011   0.019   0.019   0.016   0.012   0.027   0.032   0.014   0.013   0.015   0.012   0.024   0.012   0.020   0.013   0.026   0.011   0.012   0.014   0.010   0.012   0.012   0.011   0.016   0.015   0.015   0.023   0.009   0.023   0.022   0.021   0.016   0.015   0.000   0.000   0.008   0.016   0.011   0.006   0.012   0.013   0.018   0.017   0.037   0.017   0.016   0.015   0.000   0.021   0.024   0.035   0.020   0.018   0.024   0.030   0.015   0.023   0.007   0.014   0.006   0.018   0.021   0.021   0.016   0.015   0.014   0.016   0.004   0.009   0.014   0.006   0.019   0.006   0.020   0.011   0.010   0.011   0.013   0.011   0.016   0.009   0.012   0.007   0.012   0.012   0.018   0.010   0.011   0.014   0.018   0.009   0.010   0.000   0.015   0.011   0.008   0.014   0.014   0.009   0.023   0.037   0.088   0.014   0.018
   0.040   0.097   0.084   0.041   0.029   0.031   0.048   0.020   0.026   0.011   0.010   0.012   0.021   0.000   0.011   0.000   0.014   0.021   0.019   0.039   0.045   0.072   0.062   0.048   0.019   0.096   0.112   0.061   0.049   0.082   1.000   0.021   0.029   0.021   0.029   0.017   0.012   0.014   0.000   0.007   0.013   0.018   0.011   0.012   0.012   0.014   0.022   0.014   0.011   0.012   0.029   0.032   0.023   0.013   0.011   0.015   0.019   0.033   0.014   0.013   0.020   0.009   0.010   0.015   0.019   0.013   0.013   0.013   0.010   0.005   0.015   0.027   0.016   0.023   0.023   0.014   0.024   0.026   0.000   0.000   0.011   0.019   0.031   0.019   0.021   0.023   0.015   0.016   0.039   0.015   0.005   0.021   0.000   0.027   0.025   0.018   0.016   0.016   0.009   0.023   0.013   0.015   0.014   0.007   0.017   0.017   0.014   0.022   0.018   0.015   0.020   0.016   0.009   0.012   0.014   0.012   0.011   0.008   0.016   0.011   0.011   0.004   0.024   0.015   0.012   0.007   0.015   0.021   0.012   0.021   0.023   0.014   0.012   0.024   0.014   0.016   0.008   0.000   0.006   0.017   0.021   0.019   0.017   0.024   0.022   0.020   0.039   0.010   0.013
   0.014   0.021   0.027   0.021   0.019   0.010   0.017   0.010   0.012   0.018   0.014   0.012   0.013   0.000   0.018   0.000   0.016   0.018   0.010   0.013   0.015   0.013   0.014   0.014   0.010   0.010   0.012   0.017   0.038   0.010   0.021   1.000   0.089   0.086   0.025   0.033   0.025   0.011   0.000   0.008   0.012   0.017   0.017   0.012   0.057   0.024   0.112   0.022   0.011   0.009   0.013   0.008   0.015   0.015   0.011   0.020   0.012   0.010   0.017   0.007   0.007   0.015   0.016   0.020   0.020   0.010   0.025   0.017   0.016   0.011   0.020   0.018   0.024   0.023   0.028   0.015   0.016   0.024   0.000   0.000   0.014   0.019   0.013   0.023   0.024   0.020   0.014   0.024   0.014   0.012   0.015   0.015   0.000   0.016   0.021   0.016   0.015   0.012   0.020   0.011   0.015   0.014   0.176   0.039   0.048   0.018   0.031   0.022   0.017   0.013   0.016   0.017   0.019   0.029   0.010   0.051   0.034   0.067   0.022   0.010   0.015   0.007   0.018   0.007   0.010   0.016   0.012   0.011   0.017   0.018   0.010   0.017   0.015   0.026   0.020   0.018   0.015   0.000   0.008   0.010   0.018   0.026   0.018   0.019   0.014   0.020   0.019   0.151   0.021
   0.014   0.018   0.019   0.011   0.021   0.011   0.010   0.013   0.011   0.012   0.013   0.018   0.013   0.000   0.012   0.000   0.024   0.022   0.023   0.010   0.022   0.022   0.011   0.013   0.030   0.024   0.020   0.020   0.022   0.028   0.029   0.089   1.000   0.084   0.106   0.031   0.027   0.017   0.000   0.013   0.023   0.020   0.012   0.019   0.041   0.037   0.126   0.103   0.015   0.016   0.023   0.017   0.010   0.021   0.017   0.090   0.020   0.017   0.010   0.013   0.014   0.020   0.014   0.018   0.017   0.012   0.014   0.012   0.014   0.019   0.020   0.012   0.018   0.010   0.019   0.010   0.006   0.012   0.000   0.000   0.011   0.026   0.023   0.014   0.021   0.017   0.022   0.025   0.016   0.028   0.009   0.027   0.000   0.032   0.021   0.017   0.030   0.024   0.009   0.016   0.021   0.021   0.030   0.020   0.025   0.024   0.017   0.011   0.012   0.012   0.017   0.015   0.025   0.021   0.009   0.045   0.020   0.032   0.018   0.009   0.018   0.008   0.015   0.009   0.008   0.012   0.012   0.013   0.011   0.014   0.015   0.016   0.009   0.018   0.014   0.015   0.017   0.000   0.018   0.012   0.010   0.009   0.009   0.017   0.033   0.028   0.015   0.048   0.024
