

   1.000   0.135   0.035   0.028   0.018   0.070   0.049   0.016   0.017   0.036   0.024   0.012   0.030   0.036   0.016   0.000   0.013   0.048   0.052   0.029   0.050   0.066   0.050   0.036   0.055   0.059   0.092   0.035   0.031   0.092   0.091   0.012   0.009   0.012   0.010   0.008   0.026   0.016   0.000   0.011   0.016   0.010   0.014   0.016   0.015   0.013   0.012   0.019   0.014   0.019   0.019   0.020   0.012   0.010   0.014   0.020   0.009   0.007   0.006   0.017   0.007   0.008   0.008   0.014   0.009   0.011   0.010   0.018   0.023   0.016   0.009   0.089   0.039   0.029   0.018   0.011   0.047   0.026   0.012   0.000   0.023   0.015   0.014   0.026   0.020   0.006   0.038   0.020   0.031   0.033   0.037   0.041   0.026   0.036   0.025   0.055   0.043   0.035   0.016   0.009   0.062   0.036   0.014   0.007   0.007   0.009   0.013   0.009   0.004   0.010   0.009   0.009   0.016   0.014   0.012   0.009   0.011   0.012   0.016   0.010   0.009   0.014   0.012   0.006   0.005   0.013   0.011   0.018   0.007   0.007   0.012   0.012   0.007   0.015   0.024   0.015   0.012   0.014   0.020   0.014   0.013   0.015   0.064   0.020   0.054   0.050   0.084   0.005   0.012
   0.135   1.000   0.131   0.051   0.033   0.077   0.113   0.064   0.042   0.034   0.029   0.019   0.029   0.024   0.019   0.000   0.021   0.046   0.069   0.037   0.045   0.069   0.058   0.039   0.049   0.057   0.128   0.079   0.055   0.094   0.111   0.016   0.019   0.009   0.009   0.009   0.015   0.021   0.000   0.016   0.015   0.012   0.015   0.024   0.014   0.009   0.007   0.026   0.018   0.036   0.032   0.016   0.025   0.023   0.033   0.015   0.008   0.012   0.015   0.018   0.011   0.016   0.019   0.012   0.013   0.009   0.013   0.019   0.009   0.019   0.008   0.049   0.030   0.016   0.019   0.012   0.020   0.011   0.020   0.000   0.013   0.010   0.008   0.029   0.009   0.011   0.022   0.014   0.036   0.014   0.010   0.033   0.015   0.021   0.016   0.033   0.021   0.013   0.004   0.010   0.037   0.018   0.010   0.016   0.010   0.013   0.018   0.019   0.023   0.016   0.018   0.014   0.016   0.005   0.004   0.015   0.019   0.015   0.011   0.006   0.007   0.010   0.019   0.017   0.006   0.004   0.008   0.013   0.014   0.017   0.015   0.028   0.014   0.015   0.013   0.016   0.018   0.023   0.006   0.015   0.012   0.014   0.034   0.013   0.028   0.035   0.062   0.009   0.013
   0.035   0.131   1.000   0.140   0.061   0.046   0.131   0.080   0.055   0.036   0.029   0.012   0.020   0.028   0.013   0.000   0.023   0.026   0.035   0.035   0.016   0.045   0.047   0.084   0.024   0.040   0.093   0.215   0.160   0.070   0.122   0.015   0.009   0.007   0.018   0.005   0.008   0.009   0.000   0.016   0.009   0.011   0.014   0.022   0.017   0.015   0.013   0.011   0.021   0.038   0.019   0.053   0.069   0.045   0.027   0.008   0.013   0.029   0.015   0.030   0.017   0.018   0.017   0.018   0.015   0.015   0.018   0.019   0.010   0.013   0.008   0.023   0.009   0.012   0.018   0.011   0.014   0.008   0.014   0.000   0.014   0.010   0.016   0.023   0.018   0.013   0.009   0.018   0.018   0.017   0.017   0.012   0.018   0.014   0.013   0.009   0.013   0.013   0.012   0.009   0.027   0.009   0.006   0.015   0.015   0.013   0.023   0.016   0.019   0.018   0.015   0.013   0.023   0.011   0.014   0.016   0.024   0.021   0.023   0.013   0.015   0.011   0.013   0.019   0.010   0.019   0.024   0.014   0.020   0.014   0.015   0.017   0.011   0.018   0.015   0.019   0.018   0.025   0.016   0.015   0.017   0.011   0.025   0.016   0.015   0.021   0.015   0.015   0.014
   0.028   0.051   0.140   1.000   0.175   0.052   0.105   0.167   0.132   0.058   0.061   0.022   0.021   0.032   0.014   0.000   0.012   0.016   0.019   0.013   0.012   0.017   0.020   0.060   0.012   0.024   0.049   0.168   0.163   0.023   0.050   0.019   0.020   0.008   0.019   0.006   0.006   0.004   0.000   0.009   0.015   0.035   0.021   0.044   0.013   0.010   0.021   0.023   0.051   0.092   0.014   0.058   0.086   0.063   0.050   0.034   0.014   0.026   0.024   0.047   0.028   0.018   0.015   0.013   0.020   0.026   0.020   0.015   0.007   0.016   0.016   0.019   0.027   0.019   0.020   0.022   0.012   0.021   0.010   0.000   0.020   0.014   0.017   0.017   0.009   0.008   0.020   0.023   0.015   0.024   0.023   0.017   0.016   0.011   0.014   0.011   0.007   0.017   0.020   0.015   0.022   0.016   0.012   0.006   0.021   0.006   0.018   0.016   0.013   0.011   0.018   0.010   0.005   0.009   0.013   0.008   0.010   0.007   0.004   0.013   0.012   0.008   0.009   0.024   0.013   0.015   0.016   0.016   0.022   0.022   0.024   0.013   0.008   0.018   0.012   0.031   0.021   0.018   0.018   0.014   0.019   0.008   0.013   0.017   0.017   0.018   0.018   0.018   0.007
   0.018   0.033   0.061   0.175   1.000   0.030   0.054   0.187   0.170   0.061   0.056   0.031   0.018   0.028   0.020   0.000   0.011   0.012   0.013   0.019   0.021   0.007   0.015   0.035   0.023   0.014   0.031   0.070   0.144   0.026   0.028   0.009   0.021   0.012   0.024   0.009   0.009   0.009   0.000   0.014   0.018   0.046   0.049   0.086   0.016   0.032   0.017   0.038   0.077   0.168   0.014   0.033   0.141   0.186   0.100   0.032   0.010   0.008   0.024   0.049   0.053   0.041   0.006   0.011   0.006   0.022   0.025   0.011   0.017   0.006   0.012   0.029   0.023   0.010   0.012   0.011   0.006   0.018   0.007   0.000   0.014   0.011   0.011   0.016   0.008   0.007   0.017   0.024   0.013   0.012   0.010   0.009   0.015   0.015   0.008   0.012   0.007   0.008   0.013   0.012   0.015   0.019   0.003   0.006   0.004   0.006   0.015   0.012   0.007   0.014   0.016   0.008   0.005   0.012   0.009   0.007   0.009   0.007   0.010   0.010   0.008   0.012   0.012   0.020   0.008   0.013   0.010   0.008   0.018   0.029   0.026   0.022   0.015   0.015   0.016   0.043   0.025   0.013   0.012   0.015   0.021   0.018   0.013   0.015   0.008   0.012   0.012   0.012   0.012
   0.070   0.077   0.046   0.052   0.030   1.000   0.101   0.051   0.048   0.073   0.069   0.046   0.135   0.078   0.045   0.000   0.009   0.021   0.015   0.016   0.020   0.023   0.016   0.025   0.035   0.009   0.024   0.039   0.036   0.023   0.033   0.035   0.034   0.010   0.016   0.023   0.015   0.019   0.000   0.013   0.016   0.042   0.031   0.041   0.054   0.021   0.021   0.025   0.030   0.044   0.016   0.014   0.019   0.022   0.028   0.018   0.014   0.006   0.007   0.015   0.010   0.016   0.008   0.009   0.017   0.013   0.011   0.031   0.019   0.015   0.010   0.059   0.039   0.022   0.024   0.011   0.052   0.038   0.020   0.000   0.042   0.035   0.027   0.072   0.040   0.042   0.013   0.011   0.014   0.018   0.032   0.027   0.032   0.024   0.018   0.018   0.029   0.037   0.015   0.018   0.039   0.029   0.024   0.023   0.022   0.016   0.039   0.016   0.018   0.028   0.019   0.021   0.017   0.026   0.019   0.035   0.028   0.041   0.028   0.029   0.022   0.021   0.010   0.018   0.010   0.006   0.018   0.012   0.021   0.012   0.009   0.015   0.013   0.019   0.019   0.018   0.013   0.018   0.024   0.011   0.015   0.011   0.125   0.048   0.025   0.017   0.019   0.023   0.022
   0.049   0.113   0.131   0.105   0.054   0.101   1.000   0.084   0.084   0.064   0.050   0.032   0.050   0.048   0.009   0.000   0.012   0.021   0.019   0.010   0.020   0.025   0.014   0.032   0.025   0.033   0.041   0.078   0.064   0.036   0.050   0.013   0.018   0.011   0.016   0.017   0.012   0.010   0.000   0.007   0.012   0.018   0.019   0.035   0.020   0.009   0.015   0.022   0.034   0.056   0.014   0.025   0.038   0.033   0.030   0.024   0.022   0.011   0.007   0.022   0.013   0.017   0.013   0.010   0.011   0.013   0.023   0.023   0.014   0.018   0.010   0.034   0.021   0.013   0.012   0.009   0.016   0.020   0.018   0.000   0.011   0.013   0.007   0.027   0.011   0.012   0.016   0.014   0.024   0.013   0.029   0.020   0.034   0.013   0.007   0.027   0.023   0.015   0.009   0.008   0.038   0.010   0.012   0.010   0.020   0.007   0.016   0.023   0.019   0.015   0.024   0.022   0.011   0.017   0.010   0.010   0.015   0.013   0.012   0.013   0.009   0.013   0.008   0.020   0.008   0.007   0.014   0.010   0.012   0.017   0.015   0.017   0.011   0.015   0.026   0.034   0.021   0.017   0.022   0.015   0.025   0.004   0.041   0.021   0.019   0.031   0.027   0.016   0.006
   0.016   0.064   0.080   0.167   0.187   0.051   0.084   1.000   0.172   0.092   0.083   0.033   0.038   0.049   0.035   0.000   0.012   0.019   0.015   0.016   0.018   0.018   0.021   0.045   0.025   0.017   0.028   0.098   0.097   0.022   0.023   0.017   0.029   0.024   0.030   0.009   0.018   0.011   0.000   0.020   0.014   0.032   0.042   0.071   0.018   0.025   0.015   0.029   0.059   0.124   0.014   0.027   0.065   0.063   0.057   0.031   0.021   0.014   0.014   0.029   0.020   0.026   0.023   0.011   0.018   0.019   0.015   0.019   0.014   0.010   0.013   0.032   0.033   0.018   0.012   0.005   0.013   0.012   0.006   0.000   0.012   0.008   0.018   0.012   0.010   0.020   0.020   0.017   0.011   0.014   0.019   0.009   0.011   0.005   0.014   0.011   0.010   0.007   0.016   0.007   0.015   0.021   0.012   0.007   0.006   0.006   0.015   0.013   0.013   0.009   0.014   0.017   0.012   0.006   0.009   0.019   0.005   0.007   0.009   0.009   0.013   0.007   0.017   0.021   0.015   0.015   0.009   0.015   0.014   0.016   0.021   0.023   0.011   0.013   0.019   0.036   0.026   0.018   0.015   0.013   0.011   0.015   0.016   0.017   0.012   0.017   0.017   0.009   0.014
   0.017   0.042   0.055   0.132   0.170   0.048   0.084   0.172   1.000   0.085   0.134   0.066   0.041   0.064   0.045   0.000   0.012   0.017   0.023   0.021   0.017   0.016   0.016   0.036   0.022   0.019   0.038   0.068   0.092   0.014   0.020   0.035   0.054   0.023   0.028   0.004   0.012   0.018   0.000   0.023   0.018   0.048   0.082   0.141   0.042   0.038   0.033   0.063   0.110   0.195   0.015   0.020   0.054   0.104   0.130   0.088   0.017   0.014   0.015   0.020   0.037   0.063   0.009   0.011   0.012   0.018   0.034   0.013   0.016   0.012   0.009   0.018   0.022   0.008   0.011   0.011   0.010   0.010   0.002   0.000   0.018   0.009   0.014   0.024   0.007   0.029   0.019   0.010   0.015   0.017   0.020   0.018   0.016   0.008   0.010   0.018   0.014   0.013   0.015   0.004   0.009   0.009   0.018   0.006   0.012   0.011   0.018   0.012   0.015   0.015   0.020   0.016   0.011   0.011   0.008   0.024   0.011   0.013   0.011   0.009   0.011   0.007   0.017   0.014   0.009   0.010   0.005   0.009   0.009   0.019   0.020   0.013   0.013   0.011   0.010   0.031   0.022   0.017   0.014   0.018   0.013   0.015   0.018   0.017   0.013   0.008   0.015   0.018   0.016
   0.036   0.034   0.036   0.058   0.061   0.073   0.064   0.092   0.085   1.000   0.125   0.056   0.083   0.071   0.045   0.000   0.016   0.013   0.022   0.011   0.022   0.025   0.016   0.030   0.015   0.018   0.036   0.045   0.040   0.023   0.033   0.023   0.030   0.009   0.029   0.019   0.014   0.008   0.000   0.016   0.016   0.041   0.053   0.106   0.022   0.042   0.036   0.049   0.067   0.091   0.016   0.020   0.026   0.049   0.061   0.058   0.020   0.006   0.009   0.030   0.017   0.019   0.013   0.014   0.012   0.011   0.019   0.015   0.020   0.015   0.014   0.022   0.018   0.020   0.019   0.012   0.016   0.027   0.009   0.000   0.027   0.009   0.017   0.028   0.018   0.018   0.025   0.020   0.016   0.016   0.016   0.009   0.021   0.022   0.026   0.007   0.016   0.021   0.022   0.011   0.013   0.013   0.013   0.009   0.019   0.005   0.021   0.015   0.007   0.014   0.016   0.024   0.005   0.018   0.015   0.013   0.014   0.012   0.011   0.015   0.019   0.016   0.009   0.026   0.011   0.015   0.010   0.016   0.008   0.017   0.009   0.014   0.017   0.014   0.022   0.026   0.029   0.009   0.016   0.021   0.007   0.012   0.028   0.041   0.012   0.010   0.014   0.015   0.027
   0.024   0.029   0.029   0.061   0.056   0.069   0.050   0.083   0.134   0.125   1.000   0.097   0.068   0.079   0.054   0.000   0.015   0.016   0.013   0.017   0.018   0.016   0.006   0.021   0.014   0.019   0.034   0.035   0.047   0.004   0.017   0.048   0.073   0.017   0.028   0.024   0.018   0.022   0.000   0.026   0.012   0.075   0.113   0.155   0.051   0.074   0.049   0.084   0.096   0.136   0.018   0.023   0.028   0.061   0.101   0.080   0.023   0.010   0.014   0.014   0.032   0.040   0.012   0.015   0.013   0.017   0.014   0.017   0.016   0.006   0.022   0.019   0.013   0.015   0.017   0.014   0.011   0.013   0.006   0.000   0.017   0.019   0.026   0.038   0.021   0.034   0.009   0.012   0.012   0.011   0.015   0.013   0.015   0.010   0.015   0.008   0.007   0.013   0.017   0.009   0.009   0.009   0.037   0.033   0.024   0.016   0.025   0.017   0.017   0.015   0.017   0.026   0.022   0.007   0.013   0.044   0.022   0.026   0.017   0.010   0.014   0.004   0.015   0.002   0.016   0.015   0.012   0.012   0.008   0.013   0.020   0.018   0.018   0.013   0.013   0.023   0.030   0.028   0.012   0.014   0.023   0.013   0.038   0.030   0.013   0.017   0.011   0.033   0.021
   0.012   0.019   0.012   0.022   0.031   0.046   0.032   0.033   0.066   0.056   0.097   1.000   0.067   0.096   0.116   0.000   0.014   0.005   0.010   0.012   0.011   0.012   0.007   0.010   0.012   0.008   0.010   0.013   0.019   0.009   0.017   0.054   0.097   0.034   0.062   0.031   0.016   0.022   0.000   0.022   0.015   0.114   0.108   0.114   0.103   0.130   0.104   0.122   0.098   0.065   0.012   0.007   0.029   0.024   0.059   0.127   0.014   0.007   0.013   0.009   0.029   0.034   0.022   0.026   0.018   0.012   0.012   0.030   0.022   0.013   0.014   0.019   0.015   0.021   0.017   0.017   0.021   0.016   0.016   0.000   0.024   0.013   0.024   0.044   0.024   0.049   0.012   0.017   0.011   0.020   0.022   0.015   0.022   0.022   0.010   0.005   0.009   0.010   0.008   0.010   0.009   0.007   0.032   0.030   0.013   0.023   0.029   0.026   0.020   0.010   0.015   0.019   0.024   0.016   0.023   0.064   0.019   0.032   0.028   0.022   0.019   0.015   0.016   0.009   0.013   0.008   0.020   0.018   0.011   0.023   0.011   0.010   0.013   0.015   0.019   0.028   0.023   0.026   0.017   0.013   0.018   0.009   0.043   0.036   0.017   0.021   0.012   0.020   0.022
   0.030   0.029   0.020   0.021   0.018   0.135   0.050   0.038   0.041   0.083   0.068   0.067   1.000   0.135   0.105   0.000   0.011   0.016   0.008   0.023   0.018   0.017   0.011   0.016   0.022   0.007   0.018   0.024   0.021   0.009   0.017   0.049   0.036   0.025   0.018   0.019   0.007   0.013   0.000   0.008   0.007   0.065   0.036   0.043   0.071   0.037   0.032   0.031   0.036   0.040   0.006   0.011   0.020   0.018   0.027   0.027   0.013   0.004   0.004   0.007   0.010   0.010   0.016   0.012   0.016   0.009   0.009   0.014   0.012   0.013   0.005   0.049   0.042   0.029   0.049   0.038   0.063   0.041   0.023   0.000   0.081   0.054   0.073   0.104   0.089   0.077   0.012   0.010   0.016   0.019   0.016   0.017   0.019   0.015   0.020   0.006   0.020   0.020   0.028   0.028   0.033   0.023   0.038   0.033   0.023   0.024   0.024   0.014   0.013   0.024   0.011   0.020   0.033   0.040   0.042   0.041   0.043   0.055   0.042   0.039   0.043   0.018   0.014   0.021   0.027   0.023   0.031   0.011   0.010   0.004   0.018   0.017   0.027   0.025   0.015   0.015   0.019   0.006   0.021   0.009   0.018   0.012   0.110   0.124   0.015   0.013   0.013   0.024   0.026
   0.036   0.024   0.028   0.032   0.028   0.078   0.048   0.049   0.064   0.071   0.079   0.096   0.135   1.000   0.097   0.000   0.010   0.009   0.014   0.014   0.020   0.023   0.007   0.013   0.014   0.009   0.013   0.024   0.027   0.011   0.018   0.045   0.050   0.024   0.033   0.022   0.016   0.018   0.000   0.012   0.009   0.076   0.064   0.074   0.056   0.053   0.054   0.069   0.068   0.058   0.012   0.010   0.020   0.018   0.047   0.059   0.008   0.009   0.019   0.014   0.016   0.028   0.016   0.018   0.018   0.025   0.018   0.019   0.014   0.010   0.015   0.033   0.030   0.021   0.027   0.024   0.029   0.026   0.011   0.000   0.039   0.031   0.038   0.063   0.050   0.076   0.006   0.013   0.021   0.020   0.027   0.015   0.025   0.017   0.013   0.018   0.011   0.026   0.019   0.023   0.015   0.013   0.033   0.031   0.035   0.015   0.037   0.015   0.011   0.009   0.012   0.010   0.023   0.023   0.024   0.053   0.038   0.048   0.026   0.021   0.015   0.018   0.010   0.011   0.016   0.017   0.027   0.011   0.013   0.017   0.020   0.013   0.017   0.014   0.016   0.035   0.020   0.009   0.019   0.016   0.025   0.012   0.047   0.095   0.015   0.021   0.013   0.035   0.015
   0.016   0.019   0.013   0.014   0.020   0.045   0.009   0.035   0.045   0.045   0.054   0.116   0.105   0.097   1.000   0.000   0.023   0.015   0.011   0.023   0.015   0.009   0.019   0.015   0.015   0.003   0.015   0.005   0.019   0.005   0.007   0.094   0.081   0.037   0.034   0.018   0.020   0.025   0.000   0.023   0.016   0.115   0.074   0.062   0.154   0.108   0.104   0.090   0.060   0.056   0.026   0.015   0.009   0.026   0.043   0.076   0.032   0.017   0.017   0.010   0.026   0.038   0.022   0.023   0.022   0.014   0.011   0.033   0.025   0.026   0.025   0.022   0.028   0.019   0.027   0.026   0.027   0.029   0.018   0.000   0.051   0.029   0.056   0.047   0.079   0.148   0.016   0.014   0.014   0.020   0.015   0.016   0.031   0.012   0.011   0.011   0.016   0.019   0.024   0.014   0.007   0.017   0.090   0.067   0.047   0.047   0.029   0.025   0.027   0.023   0.009   0.015   0.069   0.027   0.033   0.137   0.077   0.100   0.045   0.032   0.042   0.013   0.004   0.014   0.023   0.021   0.035   0.021   0.015   0.014   0.008   0.018   0.024   0.020   0.028   0.032   0.011   0.011   0.024   0.018   0.017   0.009   0.049   0.117   0.013   0.012   0.012   0.062   0.021
   0.000   0.000   0.000   0.000   0.000   0.000   0.000   0.000   0.000   0.000   0.000   0.000   0.000   0.000   0.000   0.000   0.000   0.000   0.000   0.000   0.000   0.000   0.000   0.000   0.000   0.000   0.000   0.000   0.000   0.000   0.000   0.000   0.000   0.000   0.000   0.000   0.000   0.000   0.000   0.000   0.000   0.000   0.000   0.000   0.000   0.000   0.000   0.000   0.000   0.000   0.000   0.000   0.000   0.000   0.000   0.000   0.000   0.000   0.000   0.000   0.000   0.000   0.000   0.000   0.000   0.000   0.000   0.000   0.000   0.000   0.000   0.000   0.000   0.000   0.000   0.000   0.000   0.000   0.000   0.000   0.000   0.000   0.000   0.000   0.000   0.000   0.000   0.000   0.000   0.000   0.000   0.000   0.000   0.000   0.000   0.000   0.000   0.000   0.000   0.000   0.000   0.000   0.000   0.000   0.000   0.000   0.000   0.000   0.000   0.000   0.000   0.000   0.000   0.000   0.000   0.000   0.000   0.000   0.000   0.000   0.000   0.000   0.000   0.000   0.000   0.000   0.000   0.000   0.000   0.000   0.000   0.000   0.000   0.000   0.000   0.000   0.000   0.000   0.000   0.000   0.000   0.000   0.000   0.000   0.000   0.000   0.000   0.000   0.000
   0.013   0.021   0.023   0.012   0.011   0.009   0.012   0.012   0.012   0.016   0.015   0.014   0.011   0.010   0.023   0.000   1.000   0.047   0.103   0.135   0.067   0.084   0.056   0.030   0.034   0.050   0.036   0.019   0.015   0.029   0.019   0.023   0.008   0.016   0.005   0.020   0.017   0.015   0.000   0.020   0.011   0.013   0.016   0.014   0.018   0.013   0.018   0.012   0.018   0.004   0.114   0.037   0.010   0.020   0.011   0.012   0.143   0.052   0.023   0.015   0.018   0.007   0.045   0.024   0.016   0.012   0.007   0.019   0.015   0.012   0.012   0.009   0.004   0.015   0.005   0.010   0.009   0.006   0.009   0.000   0.010   0.011   0.007   0.004   0.006   0.018   0.024   0.014   0.046   0.022   0.009   0.018   0.011   0.011   0.013   0.022   0.014   0.010   0.011   0.008   0.009   0.019   0.023   0.026   0.019   0.022   0.034   0.028   0.016   0.034   0.026   0.016   0.010   0.015   0.012   0.018   0.009   0.016   0.010   0.013   0.006   0.015   0.006   0.013   0.016   0.009   0.020   0.021   0.014   0.016   0.031   0.019   0.015   0.012   0.014   0.017   0.027   0.030   0.012   0.023   0.011   0.016   0.014   0.009   0.057   0.022   0.028   0.015   0.029
   0.048   0.046   0.026   0.016   0.012   0.021   0.021   0.019   0.017   0.013   0.016   0.005   0.016   0.009   0.015   0.000   0.047   1.000   0.174   0.073   0.151   0.119   0.051   0.023   0.099   0.085   0.060   0.022   0.018   0.079   0.046   0.012   0.010   0.013   0.010   0.010   0.014   0.015   0.000   0.015   0.027   0.013   0.009   0.010   0.009   0.011   0.004   0.007   0.010   0.012   0.028   0.010   0.009   0.010   0.008   0.006   0.016   0.013   0.014   0.009   0.013   0.012   0.013   0.014   0.019   0.022   0.008   0.015   0.019   0.024   0.014   0.037   0.032   0.015   0.013   0.015   0.019   0.013   0.015   0.000   0.004   0.009   0.009   0.009   0.007   0.011   0.076   0.046   0.136   0.055   0.030   0.103   0.042   0.023   0.014   0.104   0.061   0.027   0.023   0.012   0.065   0.026   0.012   0.006   0.008   0.010   0.015   0.024   0.030   0.032   0.028   0.016   0.011   0.013   0.007   0.012   0.007   0.009   0.008   0.013   0.007   0.009   0.009   0.012   0.011   0.011   0.009   0.033   0.008   0.006   0.011   0.014   0.008   0.013   0.022   0.014   0.009   0.020   0.013   0.020   0.023   0.017   0.014   0.008   0.175   0.168   0.076   0.012   0.019
   0.052   0.069   0.035   0.019   0.013   0.015   0.019   0.015   0.023   0.022   0.013   0.010   0.008   0.014   0.011   0.000   0.103   0.174   1.000   0.173   0.147   0.185   0.114   0.043   0.087   0.108   0.084   0.040   0.030   0.075   0.049   0.010   0.012   0.010   0.006   0.007   0.005   0.013   0.000   0.013   0.021   0.007   0.005   0.015   0.012   0.013   0.010   0.009   0.004   0.014   0.045   0.023   0.015   0.012   0.010   0.016   0.032   0.016   0.014   0.016   0.020   0.009   0.018   0.014   0.011   0.007   0.016   0.008   0.017   0.007   0.010   0.032   0.010   0.018   0.013   0.014   0.018   0.014   0.021   0.000   0.015   0.019   0.012   0.015   0.024   0.015   0.045   0.027   0.073   0.029   0.012   0.036   0.022   0.018   0.019   0.052   0.036   0.016   0.016   0.009   0.026   0.015   0.013   0.014   0.006   0.013   0.016   0.019   0.021   0.014   0.024   0.016   0.013   0.021   0.014   0.011   0.020   0.015   0.014   0.016   0.019   0.008   0.016   0.004   0.010   0.018   0.011   0.026   0.014   0.007   0.018   0.011   0.012   0.014   0.018   0.014   0.020   0.024   0.022   0.021   0.013   0.022   0.016   0.009   0.113   0.085   0.054   0.013   0.024
   0.029   0.037   0.035   0.013   0.019   0.016   0.010   0.016   0.021   0.011   0.017   0.012   0.023   0.014   0.023   0.000   0.135   0.073   0.173   1.000   0.065   0.140   0.175   0.081   0.032   0.086   0.086   0.032   0.016   0.033   0.043   0.007   0.010   0.012   0.014   0.017   0.021   0.018   0.000   0.016   0.023   0.011   0.011   0.014   0.009   0.013   0.013   0.010   0.010   0.015   0.174   0.042   0.019   0.026   0.016   0.009   0.081   0.044   0.023   0.012   0.017   0.007   0.030   0.014   0.023   0.013   0.016   0.014   0.024   0.022   0.016   0.018   0.010   0.013   0.013   0.015   0.022   0.016   0.012   0.000   0.018   0.022   0.013   0.007   0.013   0.010   0.019   0.019   0.025   0.014   0.010   0.032   0.019   0.019   0.016   0.027   0.029   0.019   0.023   0.005   0.019   0.017   0.012   0.013   0.007   0.017   0.021   0.027   0.029   0.012   0.010   0.014   0.017   0.015   0.012   0.013   0.016   0.016   0.010   0.009   0.013   0.016   0.010   0.012   0.013   0.010   0.013   0.015   0.015   0.013   0.023   0.024   0.015   0.012   0.014   0.018   0.026   0.020   0.012   0.017   0.013   0.019   0.017   0.007   0.042   0.021   0.024   0.019   0.026
   0.050   0.045   0.016   0.012   0.021   0.020   0.020   0.018   0.017   0.022   0.018   0.011   0.018   0.020   0.015   0.000   0.067   0.151   0.147   0.065   1.000   0.133   0.075   0.030   0.144   0.145   0.069   0.025   0.013   0.116   0.046   0.014   0.019   0.010   0.019   0.007   0.017   0.018   0.000   0.017   0.032   0.010   0.013   0.022   0.018   0.021   0.012   0.021   0.016   0.009   0.033   0.023   0.005   0.016   0.007   0.016   0.024   0.023   0.014   0.009   0.018   0.012   0.023   0.022   0.015   0.011   0.014   0.011   0.013   0.013   0.025   0.033   0.016   0.004   0.009   0.010   0.007   0.006   0.010   0.000   0.003   0.003   0.011   0.005   0.010   0.018   0.027   0.012   0.086   0.045   0.018   0.070   0.027   0.018   0.013   0.081   0.045   0.013   0.012   0.015   0.040   0.022   0.021   0.018   0.011   0.011   0.014   0.020   0.024   0.017   0.014   0.019   0.011   0.017   0.007   0.015   0.009   0.011   0.016   0.018   0.010   0.012   0.004   0.012   0.009   0.009   0.013   0.012   0.005   0.005   0.011   0.017   0.015   0.020   0.017   0.013   0.014   0.024   0.018   0.013   0.016   0.022   0.011   0.006   0.105   0.147   0.102   0.011   0.013
   0.066   0.069   0.045   0.017   0.007   0.023   0.025   0.018   0.016   0.025   0.016   0.012   0.017   0.023   0.009   0.000   0.084   0.119   0.185   0.140   0.133   1.000   0.193   0.092   0.090   0.187   0.193   0.061   0.028   0.107   0.085   0.010   0.018   0.009   0.017   0.012   0.008   0.009   0.000   0.015   0.026   0.009   0.014   0.011   0.014   0.009   0.013   0.014   0.015   0.014   0.069   0.044   0.010   0.013   0.013   0.010   0.026   0.021   0.013   0.012   0.018   0.011   0.015   0.016   0.008   0.009   0.023   0.009   0.012   0.020   0.019   0.019   0.010   0.009   0.017   0.011   0.016   0.013   0.006   0.000   0.011   0.011   0.011   0.010   0.014   0.007   0.024   0.024   0.060   0.018   0.014   0.035   0.017   0.007   0.009   0.045   0.028   0.006   0.011   0.016   0.018   0.015   0.010   0.018   0.011   0.010   0.018   0.015   0.029   0.015   0.022   0.022   0.014   0.020   0.013   0.010   0.010   0.012   0.013   0.011   0.009   0.010   0.011   0.014   0.013   0.014   0.015   0.019   0.015   0.010   0.021   0.022   0.018   0.014   0.018   0.015   0.016   0.030   0.014   0.018   0.024   0.020   0.014   0.005   0.068   0.067   0.055   0.010   0.021
   0.050   0.058   0.047   0.020   0.015   0.016   0.014   0.021   0.016   0.016   0.006   0.007   0.011   0.007   0.019   0.000   0.056   0.051   0.114   0.175   0.075   0.193   1.000   0.197   0.038   0.099   0.191   0.085   0.054   0.070   0.079   0.018   0.012   0.006   0.012   0.008   0.011   0.010   0.000   0.018   0.006   0.012   0.009   0.008   0.015   0.012   0.015   0.015   0.011   0.013   0.109   0.066   0.024   0.016   0.014   0.008   0.034   0.043   0.023   0.015   0.020   0.005   0.025   0.022   0.012   0.014   0.011   0.017   0.021   0.010   0.008   0.021   0.012   0.014   0.015   0.015   0.020   0.010   0.009   0.000   0.018   0.011   0.004   0.007   0.015   0.014   0.007   0.009   0.020   0.013   0.008   0.021   0.014   0.013   0.014   0.024   0.022   0.019   0.015   0.005   0.016   0.026   0.019   0.016   0.010   0.014   0.019   0.011   0.023   0.010   0.009   0.016   0.018   0.011   0.012   0.028   0.010   0.014   0.009   0.008   0.010   0.010   0.007   0.015   0.016   0.016   0.014   0.018   0.006   0.008   0.018   0.021   0.014   0.009   0.012   0.014   0.021   0.033   0.007   0.012   0.024   0.013   0.016   0.009   0.034   0.036   0.037   0.016   0.014
   0.036   0.039   0.084   0.060   0.035   0.025   0.032   0.045   0.036   0.030   0.021   0.010   0.016   0.013   0.015   0.000   0.030   0.023   0.043   0.081   0.030   0.092   0.197   1.000   0.031   0.070   0.175   0.177   0.147   0.053   0.075   0.020   0.016   0.013   0.016   0.009   0.016   0.014   0.000   0.013   0.013   0.007   0.020   0.026   0.013   0.007   0.016   0.013   0.021   0.023   0.115   0.154   0.069   0.027   0.029   0.016   0.023   0.055   0.029   0.030   0.032   0.020   0.016   0.017   0.013   0.020   0.027   0.017   0.017   0.006   0.010   0.011   0.008   0.010   0.017   0.018   0.005   0.008   0.007   0.000   0.009   0.013   0.004   0.005   0.014   0.013   0.009   0.014   0.016   0.008   0.004   0.006   0.007   0.012   0.005   0.018   0.026   0.005   0.004   0.001   0.010   0.009   0.021   0.012   0.017   0.010   0.014   0.025   0.021   0.018   0.025   0.012   0.010   0.008   0.017   0.020   0.014   0.021   0.013   0.010   0.013   0.012   0.009   0.014   0.018   0.018   0.016   0.021   0.004   0.010   0.022   0.015   0.013   0.007   0.014   0.016   0.024   0.035   0.014   0.016   0.018   0.011   0.013   0.011   0.021   0.025   0.029   0.018   0.018
   0.055   0.049   0.024   0.012   0.023   0.035   0.025   0.025   0.022   0.015   0.014   0.012   0.022   0.014   0.015   0.000   0.034   0.099   0.087   0.032   0.144   0.090   0.038   0.031   1.000   0.126   0.076   0.031   0.017   0.123   0.069   0.018   0.015   0.018   0.014   0.016   0.019   0.020   0.000   0.013   0.017   0.009   0.010   0.014   0.026   0.019   0.012   0.014   0.014   0.015   0.024   0.016   0.006   0.013   0.009   0.010   0.025   0.019   0.019   0.008   0.020   0.013   0.018   0.016   0.009   0.010   0.011   0.022   0.012   0.015   0.025   0.033   0.018   0.012   0.011   0.014   0.019   0.006   0.009   0.000   0.012   0.013   0.007   0.013   0.013   0.012   0.058   0.036   0.072   0.047   0.032   0.090   0.044   0.033   0.017   0.097   0.057   0.024   0.012   0.014   0.050   0.036   0.019   0.021   0.021   0.020   0.023   0.028   0.030   0.025   0.020   0.017   0.022   0.017   0.020   0.021   0.020   0.025   0.021   0.018   0.018   0.014   0.015   0.011   0.018   0.011   0.018   0.031   0.008   0.021   0.014   0.019   0.015   0.015   0.013   0.021   0.012   0.024   0.005   0.013   0.021   0.017   0.014   0.011   0.064   0.117   0.114   0.012   0.020
   0.059   0.057   0.040   0.024   0.014   0.009   0.033   0.017   0.019   0.018   0.019   0.008   0.007   0.009   0.003   0.000   0.050   0.085   0.108   0.086   0.145   0.187   0.099   0.070   0.126   1.000   0.151   0.056   0.032   0.163   0.112   0.011   0.011   0.014   0.009   0.014   0.018   0.009   0.000   0.017   0.021   0.004   0.015   0.009   0.014   0.014   0.019   0.013   0.013   0.006   0.055   0.020   0.020   0.019   0.015   0.008   0.031   0.026   0.009   0.006   0.011   0.011   0.019   0.024   0.016   0.008   0.017   0.010   0.012   0.010   0.013   0.027   0.010   0.012   0.020   0.026   0.014   0.011   0.015   0.000   0.009   0.007   0.012   0.008   0.016   0.011   0.020   0.016   0.065   0.032   0.020   0.057   0.020   0.020   0.011   0.062   0.024   0.015   0.015   0.017   0.022   0.008   0.008   0.009   0.016   0.010   0.019   0.022   0.021   0.011   0.026   0.016   0.014   0.015   0.003   0.010   0.010   0.012   0.013   0.010   0.010   0.012   0.009   0.011   0.022   0.010   0.022   0.024   0.007   0.015   0.014   0.014   0.014   0.008   0.014   0.019   0.022   0.028   0.009   0.013   0.023   0.016   0.010   0.007   0.056   0.100   0.073   0.010   0.017
   0.092   0.128   0.093   0.049   0.031   0.024   0.041   0.028   0.038   0.036   0.034   0.010   0.018   0.013   0.015   0.000   0.036   0.060   0.084   0.086   0.069   0.193   0.191   0.175   0.076   0.151   1.000   0.135   0.089   0.119   0.174   0.019   0.023   0.004   0.020   0.012   0.015   0.009   0.000   0.015   0.016   0.012   0.014   0.021   0.016   0.013   0.010   0.025   0.014   0.027   0.060   0.061   0.034   0.023   0.023   0.014   0.026   0.021   0.014   0.008   0.013   0.021   0.010   0.009   0.009   0.008   0.012   0.014   0.010   0.013   0.016   0.022   0.020   0.014   0.013   0.011   0.020   0.020   0.012   0.000   0.010   0.007   0.007   0.009   0.009   0.011   0.013   0.026   0.038   0.026   0.014   0.024   0.018   0.013   0.012   0.028   0.026   0.010   0.014   0.009   0.019   0.014   0.016   0.019   0.015   0.028   0.012   0.019   0.025   0.019   0.023   0.017   0.013   0.011   0.010   0.023   0.008   0.018   0.011   0.011   0.010   0.007   0.018   0.017   0.014   0.013   0.012   0.018   0.013   0.007   0.016   0.022   0.019   0.013   0.016   0.021   0.013   0.033   0.009   0.014   0.023   0.012   0.019   0.006   0.036   0.058   0.056   0.014   0.013
   0.035   0.079   0.215   0.168   0.070   0.039   0.078   0.098   0.068   0.045   0.035   0.013   0.024   0.024   0.005   0.000   0.019   0.022   0.040   0.032   0.025   0.061   0.085   0.177   0.031   0.056   0.135   1.000   0.228   0.048   0.096   0.009   0.013   0.008   0.020   0.019   0.009   0.011   0.000   0.018   0.014   0.019   0.019   0.025   0.011   0.014   0.018   0.016   0.026   0.040   0.042   0.102   0.071   0.045   0.044   0.021   0.014   0.022   0.025   0.030   0.024   0.025   0.013   0.016   0.013   0.011   0.018   0.019   0.014   0.007   0.009   0.017   0.021   0.007   0.011   0.011   0.004   0.016   0.007   0.000   0.012   0.009   0.006   0.012   0.016   0.010   0.012   0.010   0.018   0.008   0.011   0.014   0.012   0.015   0.009   0.017   0.008   0.017   0.008   0.008   0.017   0.011   0.010   0.008   0.019   0.007   0.018   0.020   0.016   0.016   0.028   0.011   0.004   0.015   0.015   0.016   0.006   0.014   0.008   0.010   0.011   0.012   0.013   0.016   0.006   0.009   0.008   0.018   0.017   0.016   0.010   0.012   0.009   0.005   0.011   0.018   0.027   0.017   0.004   0.011   0.027   0.011   0.023   0.012   0.021   0.022   0.025   0.012   0.018
   0.031   0.055   0.160   0.163   0.144   0.036   0.064   0.097   0.092   0.040   0.047   0.019   0.021   0.027   0.019   0.000   0.015   0.018   0.030   0.016   0.013   0.028   0.054   0.147   0.017   0.032   0.089   0.228   1.000   0.021   0.057   0.016   0.018   0.008   0.020   0.009   0.007   0.009   0.000   0.013   0.010   0.018   0.026   0.034   0.020   0.012   0.016   0.022   0.053   0.070   0.026   0.103   0.172   0.086   0.050   0.023   0.014   0.036   0.034   0.050   0.038   0.034   0.014   0.025   0.016   0.018   0.012   0.017   0.025   0.013   0.012   0.021   0.022   0.012   0.016   0.017   0.012   0.020   0.013   0.000   0.009   0.007   0.008   0.024   0.018   0.015   0.013   0.021   0.008   0.016   0.020   0.009   0.009   0.014   0.015   0.013   0.011   0.020   0.019   0.013   0.011   0.013   0.014   0.010   0.012   0.014   0.021   0.019   0.017   0.011   0.033   0.014   0.011   0.019   0.010   0.015   0.014   0.015   0.011   0.010   0.007   0.008   0.016   0.021   0.012   0.016   0.010   0.012   0.010   0.013   0.018   0.013   0.015   0.010   0.016   0.033   0.018   0.023   0.008   0.022   0.015   0.014   0.020   0.021   0.022   0.012   0.016   0.008   0.013
   0.092   0.094   0.070   0.023   0.026   0.023   0.036   0.022   0.014   0.023   0.004   0.009   0.009   0.011   0.005   0.000   0.029   0.079   0.075   0.033   0.116   0.107   0.070   0.053   0.123   0.163   0.119   0.048   0.021   1.000   0.133   0.005   0.006   0.013   0.009   0.015   0.014   0.017   0.000   0.019   0.023   0.009   0.015   0.012   0.008   0.009   0.010   0.008   0.012   0.018   0.026   0.027   0.008   0.011   0.011   0.011   0.024   0.016   0.006   0.011   0.018   0.016   0.012   0.016   0.007   0.013   0.024   0.016   0.013   0.008   0.017   0.035   0.018   0.014   0.017   0.011   0.017   0.007   0.009   0.000   0.011   0.010   0.006   0.009   0.018   0.011   0.027   0.022   0.065   0.039   0.027   0.060   0.032   0.028   0.009   0.086   0.040   0.020   0.010   0.013   0.063   0.020   0.007   0.012   0.011   0.009   0.015   0.011   0.019   0.009   0.017   0.012   0.009   0.006   0.007   0.009   0.006   0.011   0.007   0.006   0.008   0.010   0.014   0.010   0.009   0.010   0.013   0.014   0.008   0.012   0.008   0.025   0.009   0.023   0.015   0.019   0.008   0.030   0.014   0.010   0.022   0.019   0.012   0.016   0.049   0.124   0.104   0.009   0.016
   0.091   0.111   0.122   0.050   0.028   0.033   0.050   0.023   0.020   0.033   0.017   0.017   0.017   0.018   0.007   0.000   0.019   0.046   0.049   0.043   0.046   0.085   0.079   0.075   0.069   0.112   0.174   0.096   0.057   0.133   1.000   0.007   0.005   0.007   0.015   0.012   0.019   0.018   0.000   0.022   0.020   0.009   0.006   0.010   0.017   0.013   0.013   0.008   0.009   0.010   0.043   0.036   0.027   0.020   0.009   0.003   0.032   0.018   0.006   0.019   0.022   0.023   0.014   0.010   0.016   0.018   0.015   0.013   0.012   0.023   0.016   0.017   0.012   0.009   0.021   0.020   0.016   0.018   0.020   0.000   0.004   0.013   0.014   0.025   0.014   0.007   0.026   0.021   0.050   0.013   0.012   0.030   0.019   0.021   0.021   0.034   0.023   0.016   0.010   0.014   0.035   0.019   0.007   0.012   0.010   0.010   0.009   0.009   0.016   0.015   0.027   0.021   0.006   0.009   0.015   0.003   0.010   0.016   0.011   0.009   0.015   0.009   0.011   0.014   0.011   0.013   0.009   0.024   0.004   0.019   0.016   0.023   0.016   0.028   0.017   0.022   0.012   0.021   0.017   0.025   0.018   0.016   0.024   0.004   0.036   0.068   0.037   0.009   0.012
   0.012   0.016   0.015   0.019   0.009   0.035   0.013   0.017   0.035   0.023   0.048   0.054   0.049   0.045   0.094   0.000   0.023   0.012   0.010   0.007   0.014   0.010   0.018   0.020   0.018   0.011   0.019   0.009   0.016   0.005   0.007   1.000   0.243   0.211   0.092   0.072   0.055   0.040   0.000   0.033   0.021   0.123   0.066   0.048   0.170   0.141   0.260   0.141   0.057   0.033   0.009   0.013   0.021   0.018   0.042   0.098   0.019   0.018   0.012   0.009   0.017   0.038   0.022   0.020   0.009   0.018   0.023   0.015   0.019   0.006   0.020   0.023   0.011   0.007   0.007   0.011   0.010   0.010   0.016   0.000   0.026   0.025   0.055   0.029   0.036   0.086   0.013   0.012   0.012   0.012   0.021   0.014   0.019   0.013   0.013   0.012   0.017   0.015   0.009   0.007   0.008   0.008   0.334   0.139   0.168   0.125   0.091   0.046   0.044   0.037   0.014   0.029   0.063   0.039   0.041   0.184   0.082   0.175   0.054   0.055   0.032   0.012   0.014   0.011   0.020   0.036   0.072   0.017   0.009   0.011   0.013   0.025   0.061   0.019   0.023   0.013   0.017   0.019   0.017   0.014   0.023   0.014   0.031   0.050   0.024   0.009   0.002   0.251   0.031
   0.009   0.019   0.009   0.020   0.021   0.034   0.018   0.029   0.054   0.030   0.073   0.097   0.036   0.050   0.081   0.000   0.008   0.010   0.012   0.010   0.019   0.018   0.012   0.016   0.015   0.011   0.023   0.013   0.018   0.006   0.005   0.243   1.000   0.185   0.171   0.071   0.057   0.063   0.000   0.032   0.030   0.139   0.156   0.109   0.135   0.237   0.264   0.299   0.118   0.065   0.009   0.017   0.026   0.038   0.087   0.257   0.020   0.018   0.011   0.019   0.045   0.092   0.015   0.012   0.010   0.025   0.032   0.021   0.014   0.005   0.014   0.019   0.013   0.009   0.018   0.019   0.013   0.013   0.012   0.000   0.029   0.014   0.034   0.033   0.030   0.065   0.018   0.018   0.015   0.008   0.022   0.017   0.016   0.018   0.015   0.021   0.017   0.023   0.009   0.012   0.009   0.013   0.118   0.048   0.060   0.049   0.055   0.021   0.029   0.027   0.018   0.027   0.034   0.016   0.014   0.098   0.035   0.059   0.025   0.021   0.024   0.015   0.011   0.012   0.013   0.021   0.028   0.016   0.008   0.018   0.018   0.016   0.027   0.015   0.021   0.014   0.022   0.023   0.012   0.019   0.019   0.008   0.025   0.036   0.019   0.021   0.012   0.119   0.031
