1	0.669	0.427	0.35	0.432	0.37	0.101	0.132	0.093	0.156	0.078	0.072	0.087	0.125	0.165	0.153	0.176	0.265	0.306	0.087	0.1590.669	1	0.337	0.44	0.347	0.383	0.085	0.122	0.076	0.151	0.087	0.06	0.079	0.112	0.153	0.103	0.19	0.252	0.314	0.081	0.1430.427	0.337	1	0.275	0.266	0.208	0.131	0.137	0.149	0.16	0.069	0.056	0.077	0.117	0.195	0.235	0.11	0.181	0.182	0.075	0.1850.35	0.44	0.275	1	0.208	0.212	0.097	0.135	0.049	0.257	0.092	0.062	0.051	0.095	0.244	0.118	0.15	0.208	0.168	0.068	0.1720.432	0.347	0.266	0.208	1	0.364	0.086	0.114	0.087	0.108	0.105	0.06	0.08	0.166	0.116	0.138	0.2	0.308	0.528	0.112	0.1250.37	0.383	0.208	0.212	0.364	1	0.067	0.106	0.066	0.088	0.067	0.078	0.117	0.137	0.111	0.085	0.282	0.223	0.467	0.106	0.080.101	0.085	0.131	0.097	0.086	0.067	1	0.312	0.221	0.12	0.064	0.047	0.033	0.087	0.137	0.151	0.071	0.064	0.079	0.076	0.2180.132	0.122	0.137	0.135	0.114	0.106	0.312	1	0.122	0.17	0.072	0.072	0.06	0.091	0.185	0.124	0.067	0.095	0.113	0.08	0.2770.093	0.076	0.149	0.049	0.087	0.066	0.221	0.122	1	0.067	0.034	0.045	0.03	0.046	0.071	0.182	0.059	0.05	0.072	0.04	0.120.156	0.151	0.16	0.257	0.108	0.088	0.12	0.17	0.067	1	0.078	0.046	0.013	0.061	0.2	0.138	0.12	0.119	0.075	0.052	0.1480.078	0.087	0.069	0.092	0.105	0.067	0.064	0.072	0.034	0.078	1	0.026	0.031	0.059	0.054	0.06	0.091	0.131	0.083	0.054	0.0360.072	0.06	0.056	0.062	0.06	0.078	0.047	0.072	0.045	0.046	0.026	1	0.102	0.056	0.054	0.05	0.047	0.063	0.064	0.072	0.0390.087	0.079	0.077	0.051	0.08	0.117	0.033	0.06	0.03	0.013	0.031	0.102	1	0.034	0.092	0.034	0.13	0.066	0.091	0.041	0.0360.125	0.112	0.117	0.095	0.166	0.137	0.087	0.091	0.046	0.061	0.059	0.056	0.034	1	0.088	0.082	0.059	0.124	0.164	0.117	0.0910.165	0.153	0.195	0.244	0.116	0.111	0.137	0.185	0.071	0.2	0.054	0.054	0.092	0.088	1	0.132	0.11	0.11	0.092	0.07	0.2480.153	0.103	0.235	0.118	0.138	0.085	0.151	0.124	0.182	0.138	0.06	0.05	0.034	0.082	0.132	1	0.054	0.122	0.116	0.056	0.1980.176	0.19	0.11	0.15	0.2	0.282	0.071	0.067	0.059	0.12	0.091	0.047	0.13	0.059	0.11	0.054	1	0.2	0.302	0.094	0.0750.265	0.252	0.181	0.208	0.308	0.223	0.064	0.095	0.05	0.119	0.131	0.063	0.066	0.124	0.11	0.122	0.2	1	0.249	0.088	0.0830.306	0.314	0.182	0.168	0.528	0.467	0.079	0.113	0.072	0.075	0.083	0.064	0.091	0.164	0.092	0.116	0.302	0.249	1	0.128	0.0980.087	0.081	0.075	0.068	0.112	0.106	0.076	0.08	0.04	0.052	0.054	0.072	0.041	0.117	0.07	0.056	0.094	0.088	0.128	1	0.0520.159	0.143	0.185	0.172	0.125	0.08	0.218	0.277	0.12	0.148	0.036	0.039	0.036	0.091	0.248	0.198	0.075	0.083	0.098	0.052	1